MutationType	SBS96A	SBS96B	SBS96C	SBS96D	SBS96E	SBS96F	SBS96G	SBS96H
A[C>A]A	6.25E-04	1.76E-04	3.96E-04	1.43E-03	3.74E-04	1.85E-03	1.44E-03	2.06E-03
A[C>A]C	7.33E-04	1.33E-04	4.50E-04	1.17E-03	2.20E-04	1.17E-03	1.37E-03	1.70E-03
A[C>A]G	1.31E-04	2.62E-05	1.70E-04	1.80E-04	6.20E-05	4.80E-04	2.09E-04	1.70E-04
A[C>A]T	3.38E-04	9.48E-05	2.76E-04	1.69E-03	2.60E-04	1.16E-03	1.91E-03	2.04E-03
A[C>G]A	3.45E-04	1.47E-04	4.19E-04	2.29E-03	2.49E-04	1.75E-03	1.44E-03	2.35E-03
A[C>G]C	5.42E-04	2.07E-04	3.31E-04	1.24E-03	1.94E-04	8.34E-04	1.40E-03	1.37E-03
A[C>G]G	1.57E-04	4.27E-05	5.53E-05	3.42E-04	1.03E-04	7.20E-04	4.05E-04	4.95E-04
A[C>G]T	5.38E-04	1.76E-04	4.04E-04	1.29E-03	4.39E-04	2.07E-03	1.31E-03	1.74E-03
A[C>T]A	1.40E-03	8.49E-04	1.33E-03	2.60E-03	8.46E-04	3.58E-03	2.97E-03	3.54E-03
A[C>T]C	7.81E-04	2.40E-04	6.04E-04	2.11E-03	4.19E-04	3.12E-03	2.92E-03	3.28E-03
A[C>T]G	3.13E-03	5.06E-03	5.72E-03	3.54E-02	5.92E-03	2.77E-02	7.69E-03	1.50E-02
A[C>T]T	8.31E-04	1.63E-04	9.51E-04	1.88E-03	4.55E-04	3.80E-03	2.11E-03	3.06E-03
A[T>A]A	2.66E-04	1.34E-04	1.99E-04	5.43E-04	1.38E-04	1.21E-03	1.08E-03	1.01E-03
A[T>A]C	3.07E-04	9.79E-05	3.38E-04	1.16E-03	2.90E-04	1.65E-03	1.17E-03	1.17E-03
A[T>A]G	4.59E-04	1.86E-04	2.85E-04	1.20E-03	2.43E-04	1.49E-03	1.57E-03	1.91E-03
A[T>A]T	2.48E-04	1.87E-04	2.85E-04	9.86E-04	2.69E-04	1.89E-03	1.49E-03	2.30E-03
A[T>C]A	1.70E-03	3.94E-04	1.15E-03	3.71E-03	6.39E-04	3.45E-03	1.31E-03	6.48E-03
A[T>C]C	6.99E-04	3.01E-04	5.71E-04	1.10E-03	4.07E-04	1.65E-03	1.71E-03	2.50E-03
A[T>C]G	1.64E-03	5.09E-04	1.02E-03	2.58E-03	6.64E-04	3.13E-03	2.39E-03	5.52E-03
A[T>C]T	1.48E-03	4.70E-04	1.28E-03	3.80E-03	5.44E-04	4.56E-03	1.99E-03	6.09E-03
A[T>G]A	3.31E-04	1.08E-04	5.03E-04	1.11E-03	2.60E-04	5.81E-04	8.77E-04	5.85E-04
A[T>G]C	2.05E-04	2.26E-05	1.82E-04	6.62E-04	6.28E-05	6.86E-04	6.84E-04	7.58E-04
A[T>G]G	3.37E-04	8.84E-05	4.60E-04	3.14E-04	1.42E-04	1.07E-03	1.27E-03	1.78E-03
A[T>G]T	1.67E-04	9.07E-05	3.06E-04	5.51E-04	1.29E-04	1.14E-03	9.81E-04	1.65E-03
C[C>A]A	3.35E-04	1.20E-04	2.38E-04	3.56E-04	3.28E-04	5.25E-04	1.10E-03	1.01E-03
C[C>A]C	5.58E-04	6.04E-05	3.27E-04	8.91E-04	2.38E-04	9.03E-04	1.05E-03	7.77E-04
C[C>A]G	2.68E-04	9.12E-05	3.07E-04	5.21E-04	1.12E-04	6.29E-04	5.05E-04	7.38E-04
C[C>A]T	5.78E-04	7.91E-05	1.94E-04	9.37E-04	3.15E-04	1.12E-03	1.27E-03	1.62E-03
C[C>G]A	5.20E-04	1.23E-04	3.98E-04	9.63E-04	1.52E-04	1.45E-03	1.67E-03	1.06E-03
C[C>G]C	6.27E-04	1.43E-04	6.94E-04	2.29E-03	4.03E-04	1.22E-03	1.51E-03	1.29E-03
C[C>G]G	2.02E-04	5.90E-05	1.71E-04	2.29E-04	8.86E-05	5.73E-04	6.59E-04	6.68E-04
C[C>G]T	4.12E-04	1.78E-04	5.93E-04	1.12E-03	2.37E-04	9.94E-04	1.14E-03	1.28E-03
C[C>T]A	6.99E-04	2.19E-04	9.42E-04	2.35E-03	4.05E-04	2.02E-03	2.01E-03	2.77E-03
C[C>T]C	1.25E-03	1.77E-04	8.18E-04	2.38E-03	4.38E-04	1.96E-03	1.48E-03	3.44E-03
C[C>T]G	1.74E-03	2.38E-03	3.80E-03	2.15E-02	3.26E-03	1.69E-02	3.55E-03	8.05E-03
C[C>T]T	5.91E-04	2.74E-04	8.30E-04	2.94E-03	5.38E-04	2.63E-03	2.63E-03	3.51E-03
C[T>A]A	4.22E-04	1.24E-04	4.56E-04	3.95E-04	2.18E-04	1.02E-03	8.67E-04	9.59E-04
C[T>A]C	1.23E-04	8.22E-05	2.58E-04	3.82E-04	2.78E-04	7.38E-04	9.91E-04	1.19E-03
C[T>A]G	4.21E-04	1.03E-04	4.32E-04	9.63E-04	2.50E-04	1.26E-03	1.06E-03	1.01E-03
C[T>A]T	2.86E-04	4.71E-05	3.31E-04	5.31E-04	1.80E-04	6.11E-04	8.73E-04	1.61E-03
C[T>C]A	6.49E-04	2.32E-04	6.95E-04	1.25E-03	4.76E-04	2.00E-03	1.05E-03	1.61E-03
C[T>C]C	4.23E-04	1.58E-04	4.18E-04	7.52E-04	2.36E-04	1.92E-03	1.27E-03	1.83E-03
C[T>C]G	1.94E-03	2.75E-04	8.88E-04	2.81E-03	6.55E-04	2.83E-03	2.73E-03	3.60E-03
C[T>C]T	8.61E-04	1.64E-04	3.71E-04	2.83E-03	4.63E-04	1.93E-03	1.75E-03	2.82E-03
C[T>G]A	2.98E-04	5.70E-05	2.49E-04	6.01E-04	1.02E-04	4.68E-04	1.05E-03	7.17E-04
C[T>G]C	4.62E-04	1.15E-04	3.13E-04	8.24E-04	1.61E-04	1.11E-03	1.20E-03	6.59E-04
C[T>G]G	2.12E-04	4.98E-05	2.56E-04	6.90E-04	2.22E-04	1.29E-03	1.50E-03	1.46E-03
C[T>G]T	2.22E-04	7.81E-05	3.44E-04	6.21E-04	2.28E-04	1.50E-03	1.28E-03	9.28E-04
G[C>A]A	3.03E-04	1.63E-04	5.95E-04	1.05E-03	2.71E-04	1.78E-03	1.23E-03	1.85E-03
G[C>A]C	4.01E-04	1.28E-04	4.11E-04	7.60E-04	2.27E-04	8.78E-04	1.34E-03	5.97E-04
G[C>A]G	2.13E-04	7.03E-05	3.00E-04	2.76E-04	1.20E-04	8.92E-04	8.36E-04	3.27E-04
G[C>A]T	7.99E-04	1.14E-04	2.03E-04	1.19E-03	1.62E-04	1.10E-03	1.37E-03	2.07E-03
G[C>G]A	5.65E-04	1.23E-04	1.81E-04	7.45E-04	2.26E-04	1.12E-03	1.13E-03	7.80E-04
G[C>G]C	3.92E-04	1.16E-04	1.92E-04	9.62E-04	2.01E-04	8.28E-04	1.15E-03	1.67E-03
G[C>G]G	1.27E-04	1.58E-05	1.13E-04	3.49E-04	6.32E-05	3.14E-04	3.53E-04	7.44E-05
G[C>G]T	3.63E-04	1.32E-04	4.14E-04	1.05E-03	2.10E-04	1.02E-03	8.91E-04	1.11E-03
G[C>T]A	6.95E-04	2.53E-04	5.97E-04	1.31E-03	2.77E-04	2.97E-03	2.09E-03	3.24E-03
G[C>T]C	9.97E-04	3.51E-04	8.74E-04	2.73E-03	4.80E-04	3.06E-03	1.62E-03	3.05E-03
G[C>T]G	2.39E-03	2.81E-03	4.17E-03	2.14E-02	3.81E-03	1.28E-02	4.70E-03	8.77E-03
G[C>T]T	1.39E-03	2.32E-04	5.29E-04	1.98E-03	3.58E-04	2.28E-03	1.98E-03	3.53E-03
G[T>A]A	1.64E-04	3.40E-05	2.71E-04	7.07E-04	7.88E-05	1.06E-03	7.30E-04	6.70E-04
G[T>A]C	1.84E-04	7.93E-05	1.46E-04	1.57E-04	1.61E-04	4.87E-04	6.38E-04	3.99E-04
G[T>A]G	5.20E-04	1.03E-04	1.73E-04	9.29E-04	2.20E-04	1.10E-03	1.13E-03	3.90E-04
G[T>A]T	1.40E-04	2.69E-05	3.60E-04	1.49E-04	1.18E-04	1.31E-03	5.04E-04	4.55E-04
G[T>C]A	5.09E-04	1.66E-04	6.43E-04	8.19E-04	4.37E-04	2.37E-03	1.40E-03	2.13E-03
G[T>C]C	6.30E-04	1.25E-04	3.20E-04	3.84E-04	3.27E-04	1.60E-03	1.52E-03	1.64E-03
G[T>C]G	7.57E-04	2.11E-04	3.15E-04	1.31E-03	2.09E-04	1.79E-03	1.61E-03	2.55E-03
G[T>C]T	6.02E-04	1.74E-04	5.31E-04	1.34E-03	3.83E-04	2.29E-03	1.71E-03	3.06E-03
G[T>G]A	1.20E-04	5.99E-05	1.50E-04	3.50E-04	1.45E-04	4.89E-04	4.37E-04	3.57E-04
G[T>G]C	1.11E-04	2.46E-05	3.20E-04	3.76E-04	4.58E-05	6.69E-04	3.28E-04	2.99E-04
G[T>G]G	1.90E-04	9.41E-05	3.27E-04	8.00E-04	1.11E-04	1.24E-03	1.00E-03	1.15E-03
G[T>G]T	1.24E-04	4.66E-05	1.48E-04	6.37E-04	1.51E-04	4.09E-04	4.57E-04	5.27E-04
T[C>A]A	4.87E-04	2.13E-03	1.22E-03	5.32E-04	7.63E-04	1.60E-03	1.65E-03	1.33E-02
T[C>A]C	3.07E-04	1.07E-04	2.87E-04	1.08E-03	5.78E-04	8.71E-04	9.40E-04	1.19E-03
T[C>A]G	1.93E-04	5.48E-05	2.02E-04	2.65E-04	6.44E-05	2.20E-04	4.13E-04	4.08E-04
T[C>A]T	3.40E-07	1.49E-02	5.36E-04	2.72E-04	8.73E-04	2.17E-03	8.57E-08	9.61E-02
T[C>G]A	1.74E-04	1.17E-04	3.29E-04	1.43E-04	3.84E-03	9.67E-04	2.73E-04	2.91E-04
T[C>G]C	4.01E-04	2.29E-05	4.58E-04	1.15E-03	5.82E-04	2.12E-03	1.71E-03	1.71E-03
T[C>G]G	1.49E-04	1.64E-05	6.01E-05	1.90E-04	8.42E-05	5.06E-04	5.58E-04	8.64E-04
T[C>G]T	4.64E-04	1.99E-04	4.08E-04	1.31E-03	4.27E-03	1.41E-03	1.68E-03	5.70E-04
T[C>T]A	1.45E-02	9.10E-05	2.59E-04	5.89E-02	8.51E-04	6.10E-04	3.48E-03	6.36E-05
T[C>T]C	3.53E-03	2.55E-04	9.29E-04	1.13E-02	5.33E-04	1.57E-03	3.48E-03	2.73E-03
T[C>T]G	2.38E-03	1.54E-03	2.75E-03	1.16E-02	2.35E-03	8.25E-03	4.73E-03	6.21E-03
T[C>T]T	8.98E-03	3.76E-04	6.24E-04	3.12E-02	4.82E-04	3.64E-03	4.16E-03	3.18E-03
T[T>A]A	6.78E-04	1.58E-04	4.06E-04	5.30E-04	3.06E-04	1.89E-03	1.47E-03	1.34E-03
T[T>A]C	6.44E-04	5.15E-05	2.57E-04	7.93E-04	2.15E-04	8.49E-04	7.91E-04	9.99E-04
T[T>A]G	3.36E-04	7.02E-05	3.32E-04	2.68E-04	1.60E-04	1.32E-03	1.20E-03	8.64E-04
T[T>A]T	4.10E-04	1.30E-04	3.38E-04	9.96E-04	2.77E-04	1.87E-03	1.53E-03	1.63E-03
T[T>C]A	1.11E-03	1.82E-04	6.78E-04	1.77E-03	3.07E-04	2.36E-03	2.12E-03	2.07E-03
T[T>C]C	3.56E-04	1.47E-04	3.24E-04	4.72E-04	3.31E-04	1.53E-03	1.13E-03	1.17E-03
T[T>C]G	5.97E-04	2.46E-04	4.24E-04	8.25E-04	2.76E-04	1.52E-03	2.79E-03	2.28E-03
T[T>C]T	5.79E-04	2.88E-04	5.34E-04	2.04E-03	3.09E-04	2.29E-03	2.72E-03	3.25E-03
T[T>G]A	3.93E-04	1.16E-04	1.98E-04	2.99E-04	1.99E-04	9.21E-04	6.59E-04	1.04E-03
T[T>G]C	3.86E-04	6.96E-05	4.22E-04	1.02E-03	1.97E-04	8.15E-04	9.50E-04	1.67E-03
T[T>G]G	3.59E-04	9.71E-05	2.78E-04	1.05E-03	2.23E-04	1.17E-03	1.62E-03	1.24E-03
T[T>G]T	4.63E-04	1.76E-04	7.76E-04	1.68E-03	2.68E-04	1.73E-03	1.66E-03	2.82E-03
