MutationType	SBS96A	SBS96B	SBS96C	SBS96D	SBS96E	SBS96F	SBS96G	SBS96H
A[C>A]A	0.0030881845916155724	0.0011412647087148894	0.0019712823443114756	0.005583815963473171	0.0029814348672516644	0.008724151772912591	0.012312428210861981	0.007463962375186384
A[C>A]C	0.0022674155843560584	0.0008860139292664826	0.0017831643471323488	0.003680944150801224	0.001036271558405133	0.00764886389952153	0.012064761761575938	0.006585886288667098
A[C>A]G	0.0003993165126303211	0.00011993313564744313	0.0005737228697398677	0.0008537081070244312	0.0008839686692226678	0.001197082898579538	0.0005501798150206128	0.0003795885801082477
A[C>A]T	0.001145146376803323	0.0003708984330160092	0.0004904768280141525	0.003751691365323495	0.001929727927199565	0.005017069261521101	0.00689846194985364	0.007293106714496389
A[C>G]A	0.0014250668726162985	0.0006538515401189216	0.0017627956345677466	0.007192403310909867	0.0030394036788493396	0.005569095208193176	0.009729452570900321	0.008408914122264832
A[C>G]C	0.0021557310271559235	0.0007657290818315233	0.0010638387480867094	0.0030104096338618553	0.0008540864048796948	0.0024176921462640165	0.007786768572782421	0.0034910997375845907
A[C>G]G	0.0006670598377240822	0.0001927666598930955	9.550132454081838e-05	0.0004709043671027757	0.0006988444976741448	0.0014175619231536984	0.0014988819370046259	0.0011225766549869953
A[C>G]T	0.0025518886861391364	0.0007786970476619359	0.001379445823840797	0.004202007455751303	0.0026011842710431665	0.00952140404842794	0.011207122402265669	0.007122598070418462
A[C>T]A	0.008545327233150601	0.01174425520002842	0.028910190798342228	0.020515579171478747	0.020014020055532454	0.03635630644857883	0.03803146127611399	0.01701935685123317
A[C>T]C	0.004282928153406829	0.0016472583811264485	0.0034235824132338166	0.007469363906420767	0.004584496980533004	0.012692311683971091	0.01924201804213226	0.011631938861683011
A[C>T]G	0.006336697256929934	0.11575992032885551	0.32181574404239655	0.1351551754400134	0.17444666624069213	0.12994657047092914	0.011873666528383257	0.05482668561308448
A[C>T]T	0.005820780387148261	0.0014221694029401988	0.004275862969006994	0.008749152882955968	0.00726842568255961	0.016171243460848927	0.02138783475384116	0.013835309026762842
A[T>A]A	0.0010670392541214824	0.00040364531824934604	0.002349780092481524	0.002720885939197615	0.0008462088095257059	0.007277400838515616	0.00822099398355931	0.0032939522541710177
A[T>A]C	0.0015184268238954246	0.00039935629756655545	0.0012175560579635203	0.003733065641426947	0.001144018721242901	0.004673240914416965	0.008844729512929916	0.004878882842604071
A[T>A]G	0.0017042582856447552	0.0005566278420701565	0.0028428240795619784	0.0036289462354034186	0.0016935334395384416	0.006985350565810222	0.011609263974241913	0.00525621834217418
A[T>A]T	0.0010538694539718562	0.0003731536096893251	0.001486584558733739	0.0021222741610541114	0.0013565157598350198	0.005847689407528378	0.0062972383573651316	0.006582451099529862
A[T>C]A	0.01167843914590776	0.0029772953828796746	0.01249184226617217	0.0200213055126369	0.011767687136307358	0.03138544000685215	0.04366745464503765	0.0284140047384426
A[T>C]C	0.0040865618037059905	0.001642336236545816	0.0013690730091185472	0.0034196537095832038	0.004601035616360605	0.008713234262540937	0.0183961340226233	0.0061752475895911815
A[T>C]G	0.010219316137954593	0.0033940158667974175	0.01038009193725884	0.012014632928185165	0.008885312220081687	0.02940131751820445	0.04037811085581779	0.01952704074792564
A[T>C]T	0.010173107497394085	0.0031525073922239245	0.0056364494157605805	0.014573860727250577	0.009990980289876461	0.029209573683328927	0.047425515577197076	0.022806409373879434
A[T>G]A	0.0014135768462438137	0.0004946902958181454	0.0006113482322441812	0.002788637889898382	0.001976750482572243	0.0012408503564074636	0.004813202191144228	0.0012665413451031782
A[T>G]C	0.0006059531762730331	3.3730643749432366e-05	0.0008152094276738353	0.0017241182504221797	0.00010763203172245995	0.0016795190807897598	0.002851416484918902	0.001591535659509289
A[T>G]G	0.0014055006035505358	0.000760228800936602	0.0024346073536435143	0.001962285750778392	0.0026079203700646756	0.004109103954397142	0.008933457382954656	0.004860102530801669
A[T>G]T	0.0007874540551711107	0.0001973659214172585	0.0018334295833483337	0.0022482993721496315	0.001307574479142204	0.003947695635724812	0.0038672829992719925	0.0033368744247127325
C[C>A]A	0.002581084019038826	0.0007079819668433629	0.0006117879532050452	0.0017839879030361772	0.0030865184613503515	0.006297089671716094	0.006393404351598124	0.0032755423861090096
C[C>A]C	0.0020275621354812756	0.0001858896532212384	0.0010650815069396912	0.0037806482840096597	0.0017227174073923379	0.002357254047803714	0.007961113518103958	0.003583022800739864
C[C>A]G	0.0007597287185490131	0.00035491976595949384	0.0012175306968856604	0.0012049030949128792	0.00024589914086804493	0.0027547523437533527	0.0034191954124253242	0.001848430518269814
C[C>A]T	0.001816534367389977	0.00039748870040057227	0.0008041525530359205	0.002901087689679116	0.001523131865542382	0.0048407441936433315	0.007766133936820551	0.005561106275126804
C[C>G]A	0.0011812206932518166	0.0005823524712468498	0.0015843889798611954	0.002947458846028894	0.0017575275269336998	0.005861155630555004	0.010126415640115738	0.0034170204016845673
C[C>G]C	0.00294802071293816	0.0011354052228853106	0.0030157188768498598	0.005313397623831406	0.002818938235986934	0.0033253467087150483	0.008894918998703361	0.0036479793023318054
C[C>G]G	0.0008223880729929078	0.00010268043770338409	0.00048654685360816075	0.0006461467042921774	0.00035813938884530214	0.0017624362371861935	0.001890943550294429	0.00221660170936957
C[C>G]T	0.00296517217066139	0.0010751479712780565	0.00227742862209558	0.0042633372533600776	0.0032126155681908132	0.006089033558964729	0.007094170758500695	0.004870844780816697
C[C>T]A	0.005100791319273412	0.0021603370551019907	0.0039366541721392425	0.007362744864076376	0.004880511411465704	0.014715668000280856	0.02141974661499262	0.008612076193094498
C[C>T]C	0.005296482148696669	0.0018777805496938526	0.0032284937140502736	0.008393271907698363	0.004506942862644791	0.012754315743222833	0.025402789749205113	0.010448628553422167
C[C>T]G	0.009350725071271881	0.06698141358792782	0.1742994576692581	0.08468780424445868	0.0896938644349575	0.07337140339659527	0.010600112465235956	0.0412622045725584
C[C>T]T	0.00565889198333025	0.0023986597661860287	0.004644043534062803	0.011009330372326076	0.0066923152189701796	0.013683819957077504	0.023688045516610145	0.010814650147221983
C[T>A]A	0.0005749104037085137	0.0002167934226235957	0.001162643231509719	0.000943640579513172	0.0008270969658724425	0.0037064776886836627	0.0034268375577295312	0.003319213225040585
C[T>A]C	0.0011054759117541835	0.00038200385679374447	0.0020775517215952275	0.0020548368251184002	0.0018810540437698363	0.0034103557583875952	0.0031574801302086454	0.0027038421302702175
C[T>A]G	0.0009285397187341005	0.00033730226568877696	0.0010094467899762094	0.0032038834237027914	0.001316555722587509	0.004316170560196042	0.005079055938404053	0.0025719860510434954
C[T>A]T	0.001145024030120112	0.00010161226746276952	0.002865786198526621	0.0016893356543732807	0.0006403982479241677	0.0017264210990564522	0.002841000072658062	0.0028400589322700397
C[T>C]A	0.0021152112603886053	0.0009925441001542227	0.0018652812312349748	0.004813704172556754	0.0029783177946228535	0.013646866474300624	0.01825025836005807	0.006751057098153978
C[T>C]C	0.0026355086942203344	0.0005876733543118462	0.0024513260112144055	0.003058446478098631	0.0030057980911806226	0.008417281392030417	0.009847573249135166	0.006066404312150553
C[T>C]G	0.005556651356164366	0.001456678844988346	0.00384201242137172	0.00929872263222933	0.004223190026823431	0.015491396421566606	0.02569802012294531	0.01075389354955405
C[T>C]T	0.0023135449088158566	0.0004769452789388928	0.0029400403145700693	0.008763155830092729	0.003767442749813199	0.009959717188030482	0.019129976630210876	0.010479332285467536
C[T>G]A	0.0005884554560907418	0.00010953723249258473	0.0008019118213269394	0.0015328114124713466	0.0003730884160177084	0.001160096179228276	0.003862073621712625	0.001558879081858322
C[T>G]C	0.0017589646624401212	0.0003829110313122608	0.001393041032133624	0.0022262373722697123	0.0005182935500453373	0.003980892124855018	0.004730092568207201	0.001373862981381535
C[T>G]G	0.0007088167647452792	0.0001028257713187486	0.0014591532497433945	0.002328981051687151	0.001115003283484839	0.006096682895440608	0.008301345712970943	0.004333841492189095
C[T>G]T	0.0015086961211636662	0.0001490033871959895	0.0018345006450545044	0.002110278350301087	0.0018464012420736254	0.004909519391367212	0.009082114329794421	0.0030428339614899137
G[C>A]A	0.0017074407369364053	0.0008038986110477708	0.0037353102467022835	0.003925946742219822	0.0033360494766384364	0.008798773027956485	0.008035329599806573	0.006105749777634628
G[C>A]C	0.002827842393890023	0.0008540857816115022	0.002760119002778083	0.002822736039524898	0.0013903158003813587	0.002284260652975739	0.008709954796358943	0.002160488287336193
G[C>A]G	0.0007088241603923961	0.0002830693334544776	0.0006268762281251838	0.0007797452955855988	0.0006940193474292755	0.001312944585515652	0.0030394191038794816	0.0009091831532714422
G[C>A]T	0.0028470737888710573	0.0003705343057716762	0.000608911519520916	0.003708832955453545	0.0014453174488153308	0.004530181083828638	0.006125953770242632	0.006980623304843903
G[C>G]A	0.002090358009445481	0.00035910591104766377	0.00045351228618528694	0.0017715114954647635	0.0015391576860565692	0.003570805589738857	0.004817151045536582	0.002945199981331825
G[C>G]C	0.0013689541025087236	0.0006262017428525724	0.00019160194788128137	0.0030512255267240106	0.002285943983588368	0.002155629266053438	0.00523629643721506	0.0042259158857632425
G[C>G]G	0.000651893496979028	4.807190834981157e-05	0.00026349767285869586	0.001005209879076574	0.00041296938725281506	0.0006570646335603669	0.0012634536732810489	0.0001972140889847651
G[C>G]T	0.0016786290623713284	0.0006189131978317164	0.0012892990518594161	0.0032313427014742046	0.0018772447830997408	0.004736731783486903	0.006733375007752329	0.0033692260913085192
G[C>T]A	0.0048924739006906744	0.0013794827507808804	0.005068751377984881	0.005850420088972896	0.006358230719342828	0.014336272235959768	0.01930852858349681	0.010284117254195735
G[C>T]C	0.004974884109105915	0.0018662652873899788	0.003958793566562235	0.008541424386203289	0.004898454644717276	0.01849310048855841	0.025752294063568115	0.011436257651075721
G[C>T]G	0.009396740043902696	0.07298583313822746	0.18637512922286986	0.08516378719359637	0.1062444157898426	0.09126933179795742	0.017216252506945823	0.03283815438204063
G[C>T]T	0.005691592179937288	0.001056929053447675	0.004759671306237579	0.008278962189797312	0.0050227823434397575	0.012054642548108476	0.01474332446232438	0.010221358871785925
G[T>A]A	0.0002585805097623961	6.831683240307029e-05	0.0019193807267583907	0.001970358549442608	0.00025823596952250226	0.0038847322255605833	0.003360402677222458	0.0018929816520540043
G[T>A]C	0.0011091156462498474	0.0006032519828295335	0.0002598473351099528	0.0006834321260001305	0.0012477181968279182	0.0014236223825719208	0.0027510929387062786	0.001102091517873305
G[T>A]G	0.0018286431964952498	0.0006827716570114717	0.00034245238930452615	0.0025201118813129144	0.0007727054740826134	0.0029279991104445456	0.004376784467604011	0.0015182265036855825
G[T>A]T	0.0005589879961917177	4.033659154174529e-05	0.0011463806789834053	0.0006737063580658287	0.0007215591191197746	0.004501878298469819	0.0014545344043654044	0.001751662266906351
G[T>C]A	0.0036004791618324816	0.0011764206283260137	0.002092632199219224	0.005760230985470116	0.003973211091943085	0.008546420159836999	0.01553902616724372	0.008754697302356363
G[T>C]C	0.0028450329089537265	0.000703815087035764	0.0008131454806061811	0.0014574964065105038	0.003338797646574676	0.005633393511925533	0.0067655593156814575	0.005790980151141411
G[T>C]G	0.005661064945161343	0.0019901646533980965	0.0015018812904653374	0.005369842634536326	0.005340418266132474	0.011466210032813251	0.011249173067633003	0.010151243663858622
G[T>C]T	0.003132764343172312	0.0009709266931167803	0.0020436753919057084	0.004335068131331355	0.003080275666434318	0.009179576952010392	0.016107331728562713	0.01038713960442692
G[T>G]A	0.0005141987902259901	0.00018870516065305765	0.0009588994405930861	0.0015230103250360115	0.0008105812972644344	0.0010759548697789612	0.0010243796669556105	0.0009132349322499067
G[T>G]C	0.00030470854918860366	6.817256196867683e-05	0.0009454423939602053	0.0010458388653470595	0.00010195208491836638	0.0014715387135311175	0.0008655872094095685	0.0005016283230908414
G[T>G]G	0.00041631288477219643	0.00039038513350533324	0.001879082465893589	0.0015552435550489462	0.0008782522898400202	0.007198288687504828	0.006627262861002237	0.003174328414024785
G[T>G]T	0.00026423791041452205	0.00011900630779564381	0.00026159055461967285	0.0014838662937108893	0.0005825018233736046	0.0017184223106596619	0.004119736677967012	0.0015605317137669771
T[C>A]A	0.0012431148053920539	0.07502619624137878	0.0035818112664856017	0.001053506266543991	0.027880499325692653	0.004224184994471613	0.004590469884174197	0.04481840989892618
T[C>A]C	0.0033613132778555154	0.0012893873383291066	0.0006332762185709738	0.003977619344368577	0.013555778842419385	0.004542020429090599	0.005969446082599461	0.003655815398087725
T[C>A]G	0.0013894328090827911	0.0005045836005592719	0.0004748811916215345	0.0007626106729730963	0.0006545971875311807	0.0007248481502756479	0.0016310075647197665	0.0014237032053642906
T[C>A]T	3.403782440841952e-07	0.5345850646495819	0.0005377271602005206	0.00040747611783445713	0.0008851013760113214	0.0029665451264549087	1.2239703068909342e-07	0.29174903085026926
T[C>G]A	0.0003326125443004951	0.00026426374359971304	0.0004095132870404218	0.00016423258685882927	0.12498665228486061	0.00189693906577304	0.0002789371779499561	0.0003803950777580667
T[C>G]C	0.0013801358005369152	2.2940561234330305e-05	0.0031429462251253426	0.003479734167922288	0.024644768238067626	0.004406388597271871	0.0035657190019264817	0.00657649397617206
T[C>G]G	0.0004314602389058564	2.3453588801203297e-05	8.567344921175393e-05	0.0007019447254767109	0.00032960505923256277	0.0018155231722630561	0.00227733418578282	0.0016872806387254967
T[C>G]T	0.0008518165795535993	0.0003697024309076369	0.0008852271537762201	0.003240535408816752	0.14733068645000458	0.0037922056302669856	0.006402541452553123	0.0007187832852650899
T[C>T]A	0.40914478003978727	9.104253258556128e-05	0.00040769350711242794	0.1564908767373292	0.0018056653466871353	0.0006103301277646689	0.004023610355681925	7.433582897129476e-05
T[C>T]C	0.0782908856868744	0.0017571722681168466	0.004042862271035119	0.03728218374308199	0.005591889517381788	0.013094079704023898	0.017356455174740403	0.011935560684651136
T[C>T]G	0.03868330176919699	0.03648693822324276	0.10390249192714691	0.05581371178850532	0.055411240085959435	0.05039366614073515	0.011031660852768254	0.01970136606253557
T[C>T]T	0.22699349820613862	0.017750298231840135	0.002331529922957998	0.08892982320394367	0.0014599293551560931	0.013125335250515523	0.02303824184846235	0.010907038673793749
T[T>A]A	0.0014291452695033512	0.0005396155407652259	0.0016609438766408858	0.0017188067198731006	0.0018073275685310363	0.006368232169188559	0.007564611948328093	0.0023965625383425503
T[T>A]C	0.0017404232319677248	0.0002729760544752935	0.0007145765295717866	0.002515736044369987	0.0008914579928386956	0.0022979989909799768	0.003391360198293114	0.0026581250873277894
T[T>A]G	0.0014089175558183343	0.0002732400120299165	0.0009421552540352818	0.0007286735228262842	0.0004793347703525797	0.0057397203519940375	0.007532123883720487	0.001129296136787222
T[T>A]T	0.001563786930637434	0.0007879223645431921	0.002094846003456041	0.003466444404705271	0.0008894723476259969	0.006678167916734185	0.009851942211389542	0.006147648753506018
T[T>C]A	0.006543597928248346	0.0026802973705343904	0.003919283333518669	0.007544449320994318	0.004997623758390546	0.008535016316454858	0.018077731225639583	0.008650775044225156
T[T>C]C	0.0034693102119490505	0.0014465513930190354	0.002494895231211558	0.004273354087490589	0.0032367028412409126	0.0048014628584847185	0.007118416841240105	0.0030352567487170745
T[T>C]G	0.0036802149959839882	0.0012895027088234202	0.0009612801601178944	0.0029189579889254543	0.0031189283705316483	0.007011933950707316	0.019691957999020814	0.007152134960051626
T[T>C]T	0.0032666604849509893	0.0009334044632623772	0.003696918964851648	0.007968249963596463	0.004179378738626838	0.015569609496742487	0.02106634359806776	0.010297496523708104
T[T>G]A	0.0014628886594437063	0.0005178948631510139	0.0008970762355602346	0.001119639677926898	0.0012118945247493683	0.004442624756484293	0.004387567890807987	0.0035074775747489183
T[T>G]C	0.0026411099010147155	0.0007135097548598424	0.0014597602406865918	0.0027294408064335585	0.002755594695918262	0.003252957923791655	0.004374535346869379	0.004891029105056077
T[T>G]G	0.0019879661820596086	0.000476620721262222	0.0009324354643467814	0.003375710325781256	0.0012011202197754756	0.005133225454483181	0.006612962183024632	0.004028523725779307
T[T>G]T	0.003524969145655632	0.0005191614138311707	0.003645933192456141	0.0049156950321048495	0.0044682430103421215	0.00956447950884467	0.008992108945676591	0.010781544737983494
