Samples	SBS96A	SBS96B	SBS96C	SBS96D	SBS96E	SBS96F	SBS96G	SBS96H	SBS96I	SBS96J
G1_1	80	68	986	1168	1655	0	58	222	216	0
G1_2	44	10	313	609	1577	0	207	59	257	150
G1_3	36	24	1009	468	779	0	0	0	339	17
G1_4	0	48	450	50	1192	37	578	6	0	0
G1_5	60	90	99	854	2132	0	0	700	337	0
G1_6	29	0	446	315	819	0	0	165	180	77
G1_7	68	0	2073	224	1149	29	423	409	503	156
G1_8	0	0	1031	0	2259	86	374	392	77	140
G1_9	5	3	195	0	760	19	77	43	116	69
G1_10	0	0	600	48	422	54	16	113	50	55
G1_11	0	0	435	0	504	28	212	0	60	43
G1_12	0	0	931	0	2026	129	0	644	191	179
G1_13	18	35	348	0	941	0	1	0	169	0
G1_14	0	0	394	210	604	32	0	0	178	52
G1_15	0	0	737	126	2171	183	100	662	396	220
G1_16	17	23	430	0	727	0	471	0	0	0
G1_17	0	45	2042	0	924	128	312	912	0	0
G1_18	6	0	853	0	641	76	0	496	70	93
G1_19	0	0	1132	125	722	26	186	135	165	72
G1_20	15	0	440	140	602	0	0	106	56	79
G1_21	0	40	412	0	992	54	385	113	0	0
G1_22	0	0	299	522	582	70	0	206	158	61
G1_23	4	95	835	603	2244	73	629	103	180	0
G2_1	347	0	0	211	18	119	0	213	51	28
G2_2	1552	34	161	422	90	1148	341	456	102	0
G2_3	1795	0	0	1183	79	730	0	0	0	54
G2_4	2214	0	1121	0	115	586	314	312	306	74
G2_5	1035	0	583	0	41	0	0	189	198	6
G2_6	997	12	0	672	34	0	175	0	57	0
G2_7	1619	0	129	1037	71	562	17	198	358	70
G2_8	939	11	0	664	31	120	206	256	0	0
G2_9	2442	0	796	198	93	663	0	490	0	94
G2_10	1723	0	0	927	79	480	299	394	70	60
G2_11	1088	25	680	882	78	1155	769	0	306	0
G2_12	382	0	449	0	12	512	0	0	0	9
G2_13	1011	0	478	10	14	0	183	51	235	44
G2_14	651	0	209	294	20	625	0	15	311	32
G2_15	1199	0	617	54	26	494	0	46	72	24
G2_16	1023	22	0	538	63	19	0	68	132	0
G2_17	1395	0	615	0	19	753	0	0	12	39
G2_18	1939	0	552	472	23	0	0	225	279	46
G2_19	855	0	324	208	55	39	227	328	0	46
G2_20	1792	15	0	1134	99	0	262	383	0	0
G2_21	1696	11	1178	0	84	0	482	0	923	0
G2_22	239	4	32	0	12	0	0	214	20	10
G2_23	899	0	0	661	30	496	0	53	45	24
G2_24	702	2	358	0	25	66	232	71	0	0
G2_25	1251	0	595	0	33	335	38	294	155	31
G2_26	747	0	0	427	8	85	281	22	0	13
G2_27	1735	28	154	1237	47	0	0	541	22	0
G2_28	1676	33	941	107	94	654	593	413	16	0
G2_29	2138	35	895	0	84	536	553	333	262	0
G2_30	2117	35	813	410	45	767	773	0	0	0
G2_31	316	3	179	0	0	102	193	11	0	0
G2_32	1117	0	723	0	45	181	103	0	434	28
G2_33	944	7	88	301	1	178	429	0	0	0
G2_34	357	0	128	306	0	236	158	8	0	28
G2_35	1161	14	655	0	47	305	424	168	0	0
G2_36	596	3	0	234	37	223	207	0	256	9
G2_37	885	0	0	627	17	108	280	230	0	15
G2_38	1305	23	791	0	52	121	112	458	210	0
G2_39	966	19	528	407	75	967	103	288	71	0
G2_40	495	5	164	87	16	0	0	138	74	0
G2_41	605	7	0	525	51	336	26	88	103	0
G2_42	1451	26	0	795	111	922	270	120	0	0
G2_43	835	11	531	0	30	261	116	213	94	0
G2_44	1729	0	0	687	48	0	103	566	57	24
G2_45	1801	0	0	721	72	520	0	0	325	48
G2_46	769	0	401	0	24	0	0	149	208	28
G2_47	452	8	251	0	17	0	203	0	0	0
G2_48	1032	0	808	0	22	559	213	0	515	49
G2_49	985	0	200	576	25	460	0	91	86	61
G2_50	1970	0	693	0	66	1253	455	84	31	73
G2_51	1289	0	0	684	24	0	0	160	298	58
G2_52	1393	12	258	792	28	0	322	0	324	0
G2_53	379	12	34	449	18	403	12	0	0	0
G2_54	1890	13	524	435	70	0	679	203	0	0
G2_55	1060	0	638	226	54	76	116	248	224	60
G2_56	1114	0	0	974	64	1592	71	148	240	92
G2_57	1214	0	167	524	40	65	268	0	24	24
G2_58	1318	38	159	0	95	254	200	348	628	0
G2_59	469	7	265	0	17	0	182	0	173	0
G2_60	940	0	933	0	43	1202	0	136	0	31
G2_61	2294	0	1009	564	78	0	186	152	572	47
G2_62	313	3	93	200	7	134	267	0	0	0
G2_63	692	0	0	489	20	0	4	0	104	18
G2_64	1868	24	0	979	56	0	0	577	0	0
G2_65	922	12	277	85	25	0	171	227	26	0
G2_66	3084	23	0	772	59	0	314	457	0	0
G2_67	558	0	501	0	62	878	206	229	104	45
G2_68	1706	0	389	769	64	378	461	0	57	67
G2_69	813	0	0	654	24	67	0	280	78	65
G2_70	1839	21	234	645	60	0	185	481	216	0
G2_71	705	17	0	786	30	262	0	58	101	0
G2_72	1267	0	815	0	38	183	0	290	407	54
G2_73	1200	0	0	277	41	0	481	349	50	25
G3_1	21	1212	374	177	8	0	352	0	37	0
G3_2	50	2940	1291	0	53	0	0	360	146	0
G3_3	5	384	137	119	6	0	24	0	20	42
G3_4	24	2423	0	822	42	30	3	116	282	717
G3_5	9	1049	403	207	27	0	0	188	0	0
G3_6	7	529	242	93	15	0	158	0	0	0
G3_7	11	973	390	34	15	0	112	3	49	0
G3_8	22	1424	0	578	17	0	100	51	0	0
G3_9	0	2581	650	0	20	67	181	271	176	0
G3_10	0	1994	753	0	28	78	213	325	0	3
G3_11	0	2278	945	0	71	106	632	0	55	255
G3_12	31	3292	1340	0	39	0	62	0	42	0
G3_13	34	1333	273	372	59	0	77	324	97	181
G3_14	7	1051	617	0	6	0	324	0	0	0
G3_15	0	2126	1379	0	53	64	97	0	133	41
G3_16	5	548	198	39	8	0	0	21	0	138
G3_17	0	157	127	0	21	17	0	0	4	972
G3_18	8	1644	685	0	31	0	201	0	9	0
G3_19	0	824	452	0	22	31	147	0	95	60
G3_20	43	2339	643	621	35	0	181	0	0	0
G3_21	16	542	109	176	13	0	0	0	133	164
G3_22	54	1189	982	0	63	0	0	356	94	459
G3_23	20	1941	1250	0	1	0	201	0	0	0
G3_24	0	517	159	0	18	37	112	0	25	211
G3_25	36	2948	418	0	41	0	0	147	0	505
G3_26	1	471	0	83	7	0	10	54	43	22
G3_27	18	639	162	0	24	0	97	0	83	190
G3_28	0	2354	309	0	21	38	268	19	78	93
G3_29	4	1138	284	0	20	0	191	0	77	0
G3_30	33	3404	1137	0	68	0	405	0	0	0
G3_31	11	1864	332	688	24	0	21	0	0	0
G3_32	6	474	0	87	4	0	37	75	0	0
G3_33	0	1451	529	5	26	22	120	0	11	0
G3_34	63	3299	787	245	52	0	0	214	154	147
G3_35	0	1255	350	49	25	48	116	117	0	32
G3_36	9	318	163	0	3	0	0	0	23	143
G3_37	22	2170	1350	0	14	0	288	0	0	0
G3_38	22	1238	68	280	15	0	202	127	148	0
G3_39	6	2172	375	0	54	0	448	0	0	0
G3_40	0	1721	1374	0	51	82	0	285	0	591
G3_41	45	2431	128	687	34	0	318	225	279	0
G3_42	13	1672	733	0	28	0	0	0	38	0
G3_43	46	2412	275	692	70	0	135	169	0	303
G3_44	35	1806	308	0	10	0	63	76	126	0
G3_45	5	690	352	0	14	0	29	83	85	15
G3_46	0	938	1	334	11	42	148	41	43	25
G3_47	11	855	303	32	10	0	0	0	19	264
G3_48	7	1193	117	0	15	0	49	0	59	0
G3_49	24	1549	815	20	40	0	251	0	111	0
G3_50	23	1535	601	299	51	0	229	69	4	135
G3_51	43	1888	881	199	60	0	0	0	302	401
G3_52	18	1172	275	0	0	0	374	0	0	0
G3_53	9	872	205	152	11	0	0	0	77	0
G3_54	0	482	135	0	15	35	8	50	25	121
G3_55	0	3404	601	0	24	63	439	112	82	67
