MutationType	SBS96A	SBS96B	SBS96C	SBS96D	SBS96E	SBS96F	SBS96G	SBS96H	SBS96I	SBS96J
A[C>A]A	0.0015004234443037445	0.0013795046717859866	0.0020555346194669256	0.004859698222935549	0.0025945311062969267	0.0075464645400643345	0.00824263923932449	0.01421247418038547	0.011672341590747237	0.006739156052935869
A[C>A]C	0.0006864703755127266	0.00044995740172453224	0.0016214815666899085	0.0035648305609356614	0.0008309113210998476	0.006480787595501169	0.008925937535241246	0.009269137540832162	0.013916906248778105	0.004998910205904395
A[C>A]G	7.75924164686026e-05	0.00021387657496141355	0.00046597958062193355	0.0009680805756943668	0.0006819523725425825	0.001766667002812028	0.0003722089523421415	0.0012846716820490655	0.0009086397098144516	0.0003501633503153132
A[C>A]T	0.0006286809242737945	0.001104018149089825	0.0002516357315471396	0.0017752724030287935	0.0016106703522382304	0.0027442529681138694	0.00378493629396085	0.007434082706458867	0.012006209511309863	0.0045591054280521345
A[C>G]A	0.0009490654032560996	0.0014552831458900072	0.0017617943056393505	0.003721768492789579	0.0027024876326322556	0.004853044351330027	0.013768017012625932	0.010858168407867196	0.008487983141094446	0.003670680886716582
A[C>G]C	0.0006785844807472585	0.0004761818898259662	0.0008714155485529229	0.0014867790503558353	0.0009645117885007437	0.004945052752736956	0.008850975966197439	0.005898399365833222	0.0037932150327833368	0.002758313762024045
A[C>G]G	0.0002833161619491875	0.0001708761803456582	2.1811220969121527e-06	0.0001557381940074265	0.0006489396742836107	0.0015421926775786687	0.0004321925953263505	0.002605622261762619	0.002870182885089889	0.0004483893416450061
A[C>G]T	0.0023152534558903426	0.0018588421968161128	0.0010828248094185255	0.0032361799920099174	0.0023216754183522426	0.008215532512258506	0.009482634770977045	0.010993937635794282	0.006682213785825309	0.006854304762762808
A[C>T]A	0.007687192596495152	0.008630757732316852	0.02746370658278465	0.028008691687136888	0.01884997384622693	0.0162135665915266	0.033913036808371544	0.045518497191369536	0.025563998520374297	0.02050826054182835
A[C>T]C	0.001754258235450834	0.001275879007880576	0.0026610471621637544	0.006302321348309346	0.004428994725458324	0.011366461217403413	0.013696741312742233	0.011012553645356605	0.026940838433802128	0.009491233149128675
A[C>T]G	0.009522792365169152	0.07624754160642624	0.3303298890590668	0.2620894476771355	0.16982041746377946	0.006969920938019491	0.09894103575497866	0.028201073870400252	0.021885663667306397	0.10665638658683747
A[C>T]T	0.005613292916677892	0.00302684111520648	0.0030647062114439903	0.006654958250687884	0.005992741673253477	0.010920624547932078	0.011151247250381857	0.01869319211691618	0.029609775356948375	0.00927390468714293
A[T>A]A	0.0008291705919734368	0.0007911730875441059	0.002119824301917106	0.0035721506865229458	0.0006921477848663926	0.0044710256341204515	0.005774440336972475	0.007042282936163246	0.006071354186860845	0.004653417865553258
A[T>A]C	0.0008655661775264889	0.0012767194286534556	0.0013497815091337178	0.0036794880346860737	0.0008741852596358512	0.003396986384556522	0.006668770639225841	0.0065019677445812	0.01048059321897199	0.003070837401355675
A[T>A]G	0.0011239627099712379	0.0002654505186001188	0.0024338470888324083	0.002876661572372541	0.0014082672161748633	0.006251094036269933	0.00851119424950859	0.011940681470370505	0.00845662250649184	0.004784904592088424
A[T>A]T	0.0007058358801455	0.00038790992330177686	0.00044497113267425446	0.0024116193539757804	0.001275487152452115	0.004002317875067263	0.004727120348252356	0.0030715983324625996	0.009711041813716292	0.006077379707130603
A[T>C]A	0.006894842186011374	0.0044300143257714805	0.011375011783093214	0.01877109557390213	0.011129764793440699	0.023565207608044147	0.041606063954532146	0.03917494500055909	0.04243687018752098	0.02257072350475937
A[T>C]C	0.0026389466947875917	0.0010468151919667435	0.0005974960106578076	0.002974580426234752	0.004297047993168235	0.010258590285656056	0.010510071739554405	0.016435090638697147	0.011882631294429302	0.006674835318699479
A[T>C]G	0.006486332780332305	0.004128834675066173	0.008650199905969203	0.013572808995377272	0.007950210524722934	0.026505155581980945	0.02841950240544975	0.038290864787995815	0.038286988623440266	0.01698473438154906
A[T>C]T	0.006332381395623088	0.004410714339246624	0.0041544451378285885	0.012534384289756418	0.008036430226638913	0.027866262290626765	0.028318789787590504	0.04381727632135153	0.041943075880408284	0.021175954909995198
A[T>G]A	0.0008505366029567085	0.0005340549905668013	0.00028664646961260585	0.0011482102418116046	0.002263992710504681	0.002878501883242319	0.00686781071126461	0.002295388199854642	0.002656219218624756	0.00033379734086338433
A[T>G]C	0.0002795833832351491	0.0002960229408927262	0.000806073856074363	0.0006405978914699517	5.149766511749476e-05	0.0018945058778626843	0.0022672530625868605	0.0039202485917485316	0.003111260585769138	5.8357566456379575e-05
A[T>G]G	0.0008724468145373976	0.0004846819443628192	0.0018789591293085553	0.002311880420893431	0.0020847375097218903	0.0034282879936654354	0.005173674761423389	0.009491016715764999	0.010003022220917045	0.002964264969341457
A[T>G]T	0.0008029573815292679	0.00027561938331928105	0.001439952736836858	0.002501503040555321	0.0011633166519459336	0.0011899235415924769	0.004713846882805228	0.00475143968773264	0.001797948800958693	0.0048729325870226605
C[C>A]A	0.0016730599745642394	0.0008352241726242937	0.000689328006552317	0.0012659481906249325	0.0030127092148177327	0.004626053478568792	0.004067903466057033	0.007525147029082291	0.009201352717354894	0.0027693164214724676
C[C>A]C	0.0010572476137895137	0.0013367136233333756	0.0011124592740088702	0.0028964568919036537	0.001483704698330257	0.004525386175373569	0.004337192338425666	0.005715254647657275	0.0067950177406146395	0.0007508496012178512
C[C>A]G	0.00043485623609740287	0.00015780731482664123	0.0009808660281123594	0.0017395441245753318	9.542736079310998e-05	0.0011017700975088473	0.0025152167596388607	0.004077432694612071	0.0038153089001366257	0.0012331470679782797
C[C>A]T	0.0009630745626054704	0.0004754575347760692	0.0006125472777184417	0.002956032839574618	0.0013584137137513607	0.003165534854633734	0.00605271546640065	0.006042792950756848	0.00716056129313074	0.004397088463883847
C[C>G]A	0.0008706718843313865	0.0016054196748882532	0.0013715991866774858	0.0029010314960032702	0.0016466945002321155	0.006630960162114552	0.00391403281246312	0.007121134729823097	0.008335629804059863	0.0022149332223335705
C[C>G]C	0.0013745750184170902	0.0009612199443030706	0.0014671975397504867	0.0029902235488407313	0.002220062750757279	0.006511461880372401	0.011002335837110877	0.008498617203440518	0.0067646063627762485	0.002863805298693478
C[C>G]G	0.0005994874922180315	6.858264488300847e-05	0.0005260880308924243	0.0008751691580982879	0.00026009262219304217	0.0008336615253938362	0.0016269980753189194	0.0016264160331047606	0.0035969589836895464	0.0016448092879727482
C[C>G]T	0.0018724804918747394	0.0015881139843259007	0.0017669354740064592	0.003174846008188061	0.002879721170756966	0.0033767289175559156	0.005479526449926197	0.013889504177495838	0.007649988075718284	0.0038218608060560655
C[C>T]A	0.0027036295068683103	0.0026954984525218604	0.003763794794213027	0.007315164007013664	0.0038816817570477722	0.009256982733495534	0.01671238443814218	0.025971974059939385	0.016924814460799097	0.007951026235241443
C[C>T]C	0.002458812086842954	0.0013773666985798627	0.0020758382927922284	0.008099228073842824	0.004174687690101564	0.009346529189497233	0.02722621103748679	0.02458329200744629	0.011412091786041856	0.009906038580993481
C[C>T]G	0.0066274492324737925	0.05116083472967148	0.18250617235898972	0.14390493407845498	0.08767652288079261	0.018069217960487553	0.07619164679199457	0.02233654040693373	0.009181397698921501	0.0657078196295409
C[C>T]T	0.004485843423753977	0.0016554842368350364	0.004085013529402204	0.00828204941644799	0.005652739852666855	0.015701964683830737	0.01434057998672388	0.023095247428864242	0.026571885123848914	0.007246939814649522
C[T>A]A	0.00016123325695094757	0.0007637837133529501	0.000949237568420358	0.001327682007979547	0.0007091569757903926	0.0011214523314265535	0.003297071703127585	0.0034801000845618548	0.003296904033049941	0.002984254121042795
C[T>A]C	0.0010663896187907084	0.0003293349022442271	0.0015622564125806094	0.002230358982342295	0.0021287334850057958	0.003464644029736696	0.003294967254693814	0.004736221552593634	0.0005008356878533959	0.0038713210175046696
C[T>A]G	0.0006903637549839914	0.0005339147968697944	0.0011101017094915732	0.0026137838496651964	0.0014715912577230484	0.0021997495197183525	0.009334708284586667	0.004235203901771456	0.0011702173607773148	0.0011212986879399977
C[T>A]T	0.0008077745646005496	0.00011656651477096603	0.0025135562347713856	0.0022973362149159016	0.00043676187779055907	0.0014348051685395089	0.004753988515596464	0.0010550759150646629	0.004694942897185683	0.0014400391846720595
C[T>C]A	0.0009887963067740202	0.0010691507253795863	0.0014201360259903594	0.0049046946107435315	0.002280449605314061	0.011004856019280852	0.012669640966676235	0.01628786576911807	0.01769314780831337	0.004332980699434288
C[T>C]C	0.002515425544697791	0.0012140220555011184	0.0014505913073662668	0.004100148426368832	0.0031142876949161293	0.0031975486192207655	0.006408219877927465	0.011842108611017466	0.010319226828540473	0.005943889426998794
C[T>C]G	0.001765757681375124	0.0032332677626982333	0.0027189408428967	0.009990347735583782	0.00374093665741384	0.015451726224273443	0.02326903585344553	0.02679825322702527	0.0125928710505832	0.007623970785061829
C[T>C]T	0.0009452760099964763	0.0012364459893433378	0.002538642688159598	0.0038018136368332734	0.0037719021434895693	0.009242181130684913	0.020609227754175664	0.018049101904034616	0.02017778386361897	0.0020425703871339274
C[T>G]A	5.464122514240627e-05	0.0001912001793323098	0.0002486114743987855	0.0019943076418712734	0.0004913430580927525	0.0012967146758455783	0.0042836697190068666	0.0024337154326878442	0.0005851886235177517	0.0013950805354397745
C[T>G]C	0.00042830364000452257	0.0003413565340451896	0.0008563473966205493	0.002348187461029738	0.0004369646465131184	0.003747983977580041	0.003327049041944008	0.003171380958519876	0.005526176723651591	0.0035522036559996195
C[T>G]G	0.00026106478653673546	0.0005740646825870499	0.001509559212718159	0.0036193496896885337	0.000711716778925857	0.0020919204369431233	0.007008287392108309	0.008381076649082426	0.005097355715406593	0.005087383859790862
C[T>G]T	0.0009745861937972222	0.0007747097697677919	0.00208751175305224	0.00236821683429298	0.0014497705407848116	0.0028543539869133384	0.004315566172590479	0.0113490532618016	0.0071771658189391015	0.001981326743407408
G[C>A]A	0.0019200415670638904	0.0009177163447020575	0.0023728149943053724	0.004791508242487907	0.0025448557804338633	0.002412596004433129	0.006022243364714394	0.01284900652244687	0.012103606387972832	0.0044673225376755
G[C>A]C	0.0017971156346334282	0.0010632450750563294	0.0016443633357994258	0.005295331915840506	0.0012456699754693546	0.0038218324072659014	0.004226790375853678	0.006983979395590723	0.0020549606073649047	0.0020699232059996574
G[C>A]G	0.0004586854891385883	0.0003521892562275752	0.00040171959553845225	0.0008606452785898	0.0008327553048729896	0.0017297283338848501	0.0013800865888325437	0.0021695355302654208	0.0011064465474191821	0.0007208449431345798
G[C>A]T	0.0010628854651940855	0.0015213360376947094	0.0006674608914571407	0.002260940231118823	0.001710737247731231	0.005391433963086456	0.00887379946525416	0.005882924702018594	0.006487836597079877	0.0031892559985863046
G[C>G]A	0.0005171167751541362	0.0010681876265152823	0.00036327425932540806	0.00193210958968848	0.0013260714675996433	0.004404591396451042	0.0039026928049323622	0.0016362126916646957	0.007118203498248476	0.003187440859619528
G[C>G]C	0.0009994618478231132	0.0014648607677372639	0.0002684493170818314	0.0004810836660908535	0.0023672803537920116	0.002251911710482091	0.006273195531684905	0.004525499781698273	0.005702060593239367	0.00182901377033442
G[C>G]G	0.00037863852730879444	5.197605714784004e-05	0.00044243645188544176	0.0005854236005689017	0.0003093024672125466	0.000707434678406571	0.0011000212689395994	0.0014336349240389845	0.0011531462892889976	0.00018914032698376105
G[C>G]T	0.0010089292365591974	0.0008207165199564769	0.001822827203432098	0.0014570605052696805	0.002010872738901526	0.005599133810028434	0.006285936653148383	0.008444737829267978	0.003301483690110141	0.0017495838299511287
G[C>T]A	0.0030039008590392767	0.0011068679421466696	0.003503487014677376	0.007826482993550599	0.005241183936595917	0.00933819420170039	0.015378524968400597	0.019523878348991275	0.016122002783231438	0.010811995895346626
G[C>T]C	0.0026689137506764383	0.0016181322931656749	0.004233393305912614	0.00565889705230802	0.003520789835602045	0.01018839469179511	0.0193564064335078	0.020211137644946576	0.03516957685351372	0.011496710241772234
G[C>T]G	0.00954916006885469	0.05614692848175764	0.19524630308151245	0.15642969459295272	0.10325840711593628	0.01438988594818511	0.04263777966843918	0.04346748536918312	0.011755238288034122	0.07651664111763239
G[C>T]T	0.004243895458057523	0.0015115854931417945	0.004594590095803141	0.007595940952887759	0.004455503006465733	0.009979604184627533	0.0074085004627704645	0.019132946257741423	0.019416224207452613	0.007417715893825516
G[T>A]A	6.87540619765059e-05	2.7250614948570728e-05	0.0014372039571753704	0.0025319760228740052	0.00020961643024633713	0.0012401522283482548	0.003901941247750095	0.0028457487234845756	0.003562957834221727	0.002993906342453556
G[T>A]C	0.0010328037969884463	0.000484449950454291	0.0003758016195206437	0.0008814257802441716	0.0010492706671357155	0.0016231163608608767	0.0013298840902281441	0.0011446267541032364	0.0022930087376153096	0.002210137801012024
G[T>A]G	0.0007463860289135496	0.0006492284519481473	0.0006463229758082889	0.0014405989670194686	0.0005869066902960185	0.0032113147899508476	0.0037138032261282206	0.005506583349779248	0.0014024855271059788	0.0021118269790083187
G[T>A]T	0.0008605934359366074	0.000604240595794181	0.0008143054867105093	0.0014802534151385771	0.0004777311416546581	0.0006535453154469905	0.001863745790196381	0.0033945799281354994	0.0025367982337402666	0.0016826179936513252
G[T>C]A	0.002947790996404365	0.002496153799998524	0.0011815646613478217	0.006805161293604228	0.00397975166561082	0.007068836479523858	0.010208955756388605	0.010822617774835263	0.014094102662056684	0.00925338659726549
G[T>C]C	0.0019070135371293873	0.0019060363410972059	0.000494449923803586	0.003068225493193264	0.0031686763162724675	0.0041683839750476185	0.004776488686911762	0.004017620361992158	0.009583495982224122	0.0018855501891266613
G[T>C]G	0.0041936055524274705	0.002996516681741923	0.0018563049874501304	0.0035211974871344866	0.005411802418529987	0.008299237489700318	0.008918837062083185	0.010171153908595442	0.018996616499498485	0.00606841710396111
G[T>C]T	0.0027255783847067506	0.0019429157138802112	0.0020726189698279996	0.005698331637540832	0.002491739869583398	0.008360098372213543	0.009154992996240762	0.013607968995347618	0.01684729871340096	0.004086252549808359
G[T>G]A	0.0005174395773795452	9.37464319576975e-05	0.0011060737684601917	0.000586075583123602	0.0005399679618314224	0.0009395636715563812	0.001930364454165101	0.0015209918429842872	0.0015400457085019453	0.0010597701912047341
G[T>G]C	0.0003154071472707187	0.00018220518832094966	0.001172803237568587	0.0005775502067990601	0.00014389039715752007	0.000667332304874435	0.001051054516574368	0.001476817112416029	0.0008884910719643812	0.00018337679066462442
G[T>G]G	0.00018424607987981289	0.0004220385155349504	0.0012738328601699322	0.0037981027271598577	0.000692953250836581	0.00435586116948331	0.0031334231462173713	0.008709562616422773	0.004608136730291079	0.0031120927291340196
G[T>G]T	0.00017138866787718142	0.0002639816957525909	0.0002614684999571182	0.0006294884369708598	0.0006840740621555597	0.001692008091777164	0.005266815715003759	0.0021124801132827997	0.0019410449836868792	0.0010641097655252451
T[C>A]A	0.00021259122618328942	0.07905436716973782	0.0024948957143351436	0.003991909511387348	0.031003375165164472	0.0017836320621427149	0.005853154929837074	0.005240800509762234	0.0039834561137325865	0.037698843702673915
T[C>A]C	0.0028103736112825572	0.00121720812167041	0.0005083287038145029	0.0016851060473355105	0.014789340924471617	0.003374888328835368	0.005858487414661795	0.009069478022865951	0.005642479211383033	0.0036338053731014954
T[C>A]G	0.0008988993882667273	0.0004712234891485423	0.0004562101545161568	0.00027665148372761904	0.0005091335697215982	0.001425210144952871	0.0017414018511772156	0.0018459627870641	0.002415091422153637	0.0008279498957563192
T[C>A]T	2.0203965787494328e-14	0.5893831789493561	0.0006901348053722298	0.001541256067901443	0.0014439458014436812	0.00137034814879195	0.002224824619363405	0.00029518822840842395	0.006825475022632951	0.254793057214601
T[C>G]A	0.0007488659185327151	9.790251415326605e-05	0.0003108703356701881	0.0006542148594441243	0.140388111025095	0.001215487607879596	3.536994504429458e-05	0.003072734311009921	0.00044163362827589483	0.0017917824018923057
T[C>G]C	0.0007798897509928793	0.00020326627793915142	0.0027517707378137855	0.0036998030445174203	0.027643326483666898	0.002798865473644336	0.004457425580767449	0.0034169894647220643	0.01094457928556949	0.00280849822656819
T[C>G]G	0.0002746649930486456	0.0003527013234743137	0.00015820108266115796	0.0009913932415656745	0.0002578386014647549	0.0014886710087012034	0.0012910233340633682	0.0009051940282812892	0.0026976532593835146	0.0014598220121115446
T[C>G]T	0.0002496692293789238	0.0005801823455911011	0.0013955393107607961	0.0045199772116172095	0.16486639082431792	0.0025431068963371233	0.008907156623899936	0.00207360340282321	0.006292202564146127	0.0005174733286111179
T[C>T]A	0.4507215440273285	2.5649989672942846e-29	1.8128828571670564e-08	0.004076932831709637	0.0013398861102473347	0.24476279215350588	0.006639697903656927	0.004386897341728698	3.001382858539844e-08	1.5586438420635125e-15
T[C>T]C	0.08862068280577659	0.001779713248834014	0.004774406686192378	0.00565581170239966	0.0042414705385454	0.04770377763197757	0.02482746746391058	0.010309731517918409	0.028395536448806526	0.007423922084853984
T[C>T]G	0.04203222319483757	0.02761171730235219	0.10991337075829506	0.0835677895694971	0.052289287000894545	0.032688244991004464	0.011710315210169204	0.010394709809019537	0.02555976007133722	0.05182230956852436
T[C>T]T	0.24979838579893113	0.01784694064408541	0.0018596493357031785	0.0022502445851210803	0.00045602801312114624	0.1459572698920965	0.02125348839808794	0.014597624320915645	0.02009274903684855	0.01050356519408524
T[T>A]A	0.0013442913303151726	0.0003511190598979594	0.0011800604106465668	0.002287728036753833	0.0013954077527159824	0.004720201424788684	0.0021052075317129493	0.00618364957626909	0.012333288602530957	0.0007707479817327112
T[T>A]C	0.000838688296722743	0.0008812080424831948	0.0006797451707902002	0.0008690321435837589	0.0009141872549662366	0.004493050544988364	0.006373662885744124	0.0035612844071451592	0.0020983761883144325	0.00028482717832858386
T[T>A]G	0.0007578233632557386	0.0004473921020689886	0.0007173198508098721	0.001711605436867103	0.00037085440708324314	0.006049270019866526	0.0019334350596182047	0.00624891493935138	0.006168825644999742	0.0012569056377429888
T[T>A]T	0.0007664081729866157	0.0011042369369533844	0.0013310119145899478	0.0037880578660406173	0.000530851587022596	0.0027540345763554797	0.008939193119294942	0.008793547668028623	0.009476382751017809	0.005630702643247787
T[T>C]A	0.0047046035062521694	0.0030591163085773587	0.00253618550259489	0.009481672040419654	0.004441700194729492	0.0080296563799493	0.008210765491821804	0.013408495672047138	0.0201712358975783	0.005414873175323009
T[T>C]C	0.003488746820949018	0.0011093327164507726	0.002863186353351921	0.0029151026742354146	0.0027932619559578598	0.004447024725959636	0.005798683263128624	0.008361459919251501	0.00472617477907126	0.0038869638345204295
T[T>C]G	0.0020879335701465608	0.0011319944489514456	0.000470422866627557	0.002868511695040564	0.002325664577074349	0.00883904481306672	0.007516575243971602	0.015552762942388654	0.019319621473550798	0.006606740591814741
T[T>C]T	0.0029011590173467993	0.0012673632270889356	0.0030480486282613134	0.00781617898028344	0.0034324881082284263	0.008066709106788039	0.014740247259760508	0.019889286253601313	0.021901182364672422	0.008142363322258461
T[T>G]A	0.0007990213482864661	0.0008295291772810742	0.0010359076317399741	0.0028356108698062597	0.0010249358077999205	0.0035187956469599157	0.0017784217838197947	0.0033369257565937006	0.006417683931067586	0.0018835473048966378
T[T>G]C	0.001579673745436594	0.0005339447438018404	0.0012197579548228533	0.0015038634912343696	0.002867545560002327	0.0033340281691494056	0.00811763268429786	0.003355046796316727	0.007926256232894956	0.0013608070905320347
T[T>G]G	0.0016729885945096612	0.0007397094523184933	0.001249508367618546	0.002112981691607274	0.0007138932310340352	0.0029347602918278425	0.0040876124170608815	0.00900171222165227	0.006871714151930064	0.005042689610854722
T[T>G]T	0.0024707994714844974	0.001321040588663891	0.0030088780099404426	0.004889508034102619	0.003940361086279154	0.0036802878945309202	0.01634424333460629	0.010089103062637151	0.012096238136291505	0.004665960591228213
