MutationType	G1_1	G1_2	G1_3	G1_4	G1_5	G1_6	G1_7	G1_8	G1_9	G1_10	G1_11	G1_12	G1_13	G1_14	G1_15	G1_16	G1_17	G1_18	G1_19	G1_20	G1_21	G1_22	G1_23	G2_1	G2_2	G2_3	G2_4	G2_5	G2_6	G2_7	G2_8	G2_9	G2_10	G2_11	G2_12	G2_13	G2_14	G2_15	G2_16	G2_17	G2_18	G2_19	G2_20	G2_21	G2_22	G2_23	G2_24	G2_25	G2_26	G2_27	G2_28	G2_29	G2_30	G2_31	G2_32	G2_33	G2_34	G2_35	G2_36	G2_37	G2_38	G2_39	G2_40	G2_41	G2_42	G2_43	G2_44	G2_45	G2_46	G2_47	G2_48	G2_49	G2_50	G2_51	G2_52	G2_53	G2_54	G2_55	G2_56	G2_57	G2_58	G2_59	G2_60	G2_61	G2_62	G2_63	G2_64	G2_65	G2_66	G2_67	G2_68	G2_69	G2_70	G2_71	G2_72	G2_73	G3_1	G3_2	G3_3	G3_4	G3_5	G3_6	G3_7	G3_8	G3_9	G3_10	G3_11	G3_12	G3_13	G3_14	G3_15	G3_16	G3_17	G3_18	G3_19	G3_20	G3_21	G3_22	G3_23	G3_24	G3_25	G3_26	G3_27	G3_28	G3_29	G3_30	G3_31	G3_32	G3_33	G3_34	G3_35	G3_36	G3_37	G3_38	G3_39	G3_40	G3_41	G3_42	G3_43	G3_44	G3_45	G3_46	G3_47	G3_48	G3_49	G3_50	G3_51	G3_52	G3_53	G3_54	G3_55
A[C>A]A	15	8	12	13	24	10	24	24	3	9	3	26	6	6	20	6	18	11	17	5	10	10	20	8	28	13	30	7	13	15	18	13	22	24	2	8	14	8	4	4	16	6	19	26	2	8	4	12	4	18	26	25	24	5	8	11	8	8	9	10	15	21	4	9	16	9	20	15	6	3	16	11	22	7	8	4	15	11	26	11	18	4	8	28	4	4	17	10	18	18	13	8	20	6	11	9	7	14	3	17	3	4	5	4	13	11	8	9	8	9	12	2	7	7	7	10	3	10	7	7	11	3	7	9	8	9	3	2	7	15	5	2	15	8	12	6	17	7	11	7	6	8	7	3	9	6	15	4	2	2	9
A[C>A]C	13	10	9	4	8	10	21	11	4	4	0	17	2	3	16	5	17	16	9	3	9	2	20	8	30	10	13	9	6	12	6	8	16	26	6	4	7	12	6	10	5	8	17	27	2	9	3	10	3	17	17	17	12	4	9	7	2	8	7	10	17	9	5	7	19	12	9	13	4	1	12	7	14	7	11	3	7	6	23	7	17	1	7	19	3	2	11	3	14	13	13	9	14	7	11	15	8	14	4	10	6	3	0	9	6	10	9	7	14	4	3	2	3	7	6	6	4	10	5	4	11	3	5	11	4	10	8	0	4	9	2	2	5	9	7	9	12	6	11	4	2	4	4	1	4	5	7	4	3	3	14
A[C>A]G	5	5	2	3	4	1	2	1	1	2	1	4	0	1	3	1	6	2	2	1	1	2	3	0	3	2	4	0	1	2	2	3	5	6	0	2	1	1	2	1	4	0	1	1	1	0	0	2	1	3	3	1	5	0	1	1	1	3	1	2	6	1	0	5	4	1	1	1	0	1	2	1	2	2	1	0	1	1	4	0	1	1	2	2	1	0	0	1	2	0	1	1	4	1	1	1	0	0	0	4	0	0	2	1	1	2	3	2	0	0	3	0	0	1	1	2	0	0	1	0	0	0	0	1	1	2	0	0	0	3	3	0	1	0	1	1	0	1	0	0	1	0	1	1	0	0	1	0	1	1	3
A[C>A]T	12	9	8	5	8	7	13	7	13	3	4	14	5	3	16	5	11	5	4	1	2	7	6	4	12	7	13	4	9	11	4	15	9	18	0	4	8	6	5	3	6	4	10	12	3	4	2	2	3	5	7	12	10	3	3	7	4	7	2	6	8	6	0	6	13	6	8	10	2	2	8	6	9	6	8	1	4	15	14	2	11	3	10	6	4	5	5	4	9	9	9	6	3	5	5	5	4	4	0	14	3	0	2	6	9	6	7	3	9	3	3	1	6	8	5	3	5	6	7	2	7	1	2	3	3	6	3	2	0	6	3	0	2	5	5	4	5	1	7	4	3	6	3	2	6	8	4	3	1	0	6
A[C>G]A	19	15	13	5	21	10	14	13	5	4	9	14	5	3	26	7	13	9	11	5	9	11	26	8	25	10	20	7	10	13	16	9	19	20	7	10	9	5	6	8	8	18	17	13	4	2	6	4	4	11	14	25	19	1	6	10	9	9	10	5	10	13	2	5	13	10	12	9	7	2	11	8	22	6	10	1	9	10	12	5	9	9	18	19	4	7	10	5	14	13	13	5	18	8	8	19	1	13	2	16	4	0	8	8	10	8	19	8	8	7	5	1	5	2	6	6	2	11	5	4	6	2	4	6	5	7	4	0	6	18	6	2	8	7	5	12	15	3	8	6	1	4	1	1	5	10	8	3	4	3	10
A[C>G]C	7	5	8	3	11	4	12	9	5	1	0	7	1	1	14	5	9	2	9	2	5	4	9	2	15	8	10	0	4	6	4	6	19	13	2	5	7	2	3	3	4	5	8	11	0	2	3	4	5	9	8	6	10	1	7	6	6	6	7	8	7	10	2	5	6	4	7	8	3	4	12	5	14	9	4	2	6	5	15	4	10	2	6	13	2	1	4	2	16	9	13	6	8	5	12	6	1	10	1	3	2	4	1	4	3	6	5	6	4	6	5	1	1	2	2	4	0	2	5	2	6	1	1	7	3	7	3	1	3	7	1	2	2	5	1	11	16	4	7	3	0	2	2	0	5	3	4	4	2	2	8
A[C>G]G	1	3	0	1	4	2	0	4	3	1	0	3	3	0	4	0	2	3	0	0	2	1	3	1	7	1	4	1	1	0	0	3	3	6	0	1	2	2	0	1	1	0	3	2	0	3	1	1	2	3	1	2	1	0	2	1	0	4	1	2	2	3	0	1	3	2	0	4	0	0	1	2	3	3	1	1	1	2	5	0	5	2	2	2	2	0	2	0	3	5	5	0	2	2	3	4	0	2	0	1	4	0	0	1	2	1	5	0	0	0	1	0	1	2	1	3	0	1	4	0	1	0	0	1	1	1	2	0	0	0	2	0	2	2	1	2	1	0	1	1	0	2	1	1	1	0	1	0	0	0	2
A[C>G]T	13	13	14	13	15	4	26	17	2	5	9	16	6	0	21	5	16	12	8	4	8	9	18	7	18	13	20	5	10	18	9	22	15	26	4	7	6	7	11	14	13	9	12	9	2	8	2	6	6	12	18	20	20	2	10	8	3	18	6	7	11	15	4	9	13	8	11	16	4	0	13	7	19	13	13	4	14	6	14	3	18	5	14	14	3	5	3	2	21	18	22	8	12	16	13	12	10	8	3	19	2	3	6	5	12	14	11	6	9	4	7	3	4	1	8	5	7	13	8	9	9	3	4	9	3	12	5	5	6	10	4	3	2	7	3	16	9	1	8	1	7	6	4	3	4	6	9	6	3	5	12
A[C>T]A	111	78	69	50	129	58	139	111	27	37	21	86	27	33	104	34	143	56	63	29	44	46	121	23	79	52	94	42	33	73	48	86	72	85	20	33	44	32	35	40	61	53	65	93	18	34	24	48	30	84	101	96	85	12	51	35	24	66	23	39	60	60	22	36	64	47	63	49	29	17	71	43	81	40	55	29	87	66	80	28	60	25	69	94	23	29	74	36	82	60	65	45	87	29	69	57	40	88	12	70	35	15	23	49	74	47	80	77	46	38	62	17	24	47	21	56	17	72	66	15	59	7	22	45	35	90	51	12	28	85	30	15	67	37	44	69	80	33	88	37	30	26	25	13	59	54	69	34	25	15	79
A[C>T]C	26	25	15	8	26	15	47	30	13	9	5	20	8	15	42	11	26	18	18	12	9	15	32	9	30	23	28	13	9	33	15	27	30	46	4	18	19	9	12	17	15	12	19	43	3	16	8	14	10	21	43	31	27	5	19	20	11	24	16	14	13	25	3	15	24	13	20	22	10	1	29	14	27	14	23	6	15	18	45	11	27	7	29	28	8	7	26	12	25	22	28	20	20	14	14	23	12	25	1	21	10	1	10	7	21	16	14	11	18	4	8	1	10	5	4	17	6	12	12	9	20	5	1	11	6	16	10	2	9	13	7	4	13	9	18	17	17	8	17	11	7	5	3	4	13	12	21	7	8	2	26
A[C>T]G	942	581	628	421	668	397	1026	785	203	289	242	674	291	294	692	346	887	398	560	292	335	354	901	67	251	344	470	222	224	367	208	376	327	564	160	201	165	232	169	223	340	216	364	494	21	193	140	225	143	432	448	406	490	76	282	158	141	288	104	205	306	337	95	166	277	200	237	233	151	111	340	239	311	210	372	143	394	313	311	246	137	117	319	561	115	151	313	156	279	224	407	196	315	228	316	152	311	682	119	504	277	169	230	292	449	427	585	772	326	326	644	131	156	404	242	593	153	492	604	133	424	66	143	318	208	725	451	70	312	624	243	100	672	229	372	657	473	408	537	264	183	177	207	142	462	440	562	216	196	105	515
A[C>T]T	36	29	25	20	54	18	46	30	12	5	13	41	17	11	43	10	37	19	15	12	14	11	34	14	38	32	39	12	20	33	22	40	34	46	7	21	25	22	11	27	25	21	31	52	5	12	10	22	15	32	36	38	28	6	20	16	10	23	12	20	27	26	12	20	29	18	35	25	16	3	27	14	42	29	30	15	24	24	39	9	34	11	21	41	12	3	25	13	39	29	22	21	43	19	33	23	12	22	5	34	13	4	7	7	21	20	22	17	18	16	19	0	11	9	8	16	9	32	3	8	15	2	7	14	12	17	11	2	9	13	6	2	14	13	17	18	27	5	19	14	6	9	5	4	9	16	24	9	8	2	25
A[T>A]A	14	9	11	9	13	3	17	12	3	0	5	8	1	3	11	6	12	7	8	3	4	10	13	4	11	11	20	6	4	18	9	12	14	12	3	5	6	3	4	6	9	5	12	11	3	6	1	7	1	14	13	11	12	3	4	4	3	12	2	11	7	4	2	5	8	7	9	10	6	0	12	11	13	3	11	3	7	3	13	6	9	4	12	9	2	5	10	7	9	6	13	4	9	6	9	6	5	7	0	13	3	3	1	1	5	5	16	7	6	0	7	0	5	4	3	6	3	12	6	5	4	2	1	1	3	3	6	1	2	7	4	0	7	10	7	12	7	1	8	3	2	6	0	1	8	4	10	5	2	0	11
A[T>A]C	10	15	6	5	9	6	14	8	0	3	3	8	3	6	22	5	13	4	7	1	8	12	9	3	13	7	18	4	5	13	9	8	4	19	1	3	15	7	2	6	8	7	8	17	0	8	4	4	3	9	12	8	17	2	10	7	3	3	6	6	9	17	4	2	12	5	6	14	6	3	9	8	9	6	9	3	8	10	10	4	12	4	4	19	3	3	13	6	10	5	6	5	8	4	6	13	3	7	1	11	1	2	3	5	6	8	10	2	12	4	5	2	1	3	4	3	3	7	6	2	9	2	3	4	5	5	3	1	3	8	5	0	11	2	4	8	15	2	6	5	1	2	3	3	3	5	6	4	1	0	11
A[T>A]G	15	8	9	8	20	6	19	12	6	2	4	14	1	4	26	4	15	14	8	4	8	8	21	2	25	13	13	11	6	13	14	18	10	20	4	6	8	4	2	4	17	7	15	19	2	6	6	7	4	14	17	20	17	1	8	7	6	11	8	13	13	13	2	7	16	6	10	13	4	2	17	10	19	11	11	7	12	11	17	5	13	8	12	14	6	3	10	7	11	23	12	7	11	8	14	10	5	12	3	12	4	1	4	2	4	8	9	10	7	6	9	0	3	2	7	9	7	6	9	3	6	1	4	4	1	8	9	0	3	8	7	2	2	7	4	9	9	6	14	6	5	5	4	1	8	2	8	3	1	2	10
A[T>A]T	7	8	6	9	12	2	9	7	4	0	3	6	2	4	15	8	12	8	3	7	1	3	11	0	6	7	12	4	7	12	13	17	5	19	1	5	10	10	5	5	4	4	4	6	0	6	0	9	5	6	17	7	10	2	4	4	6	6	5	9	4	7	1	2	9	3	9	3	5	2	7	6	12	7	9	5	6	5	16	2	14	3	7	9	2	1	5	3	10	12	6	6	7	4	11	6	2	3	2	11	2	4	2	3	2	3	6	6	4	1	0	0	5	0	3	4	4	9	5	3	5	2	5	3	5	6	5	2	5	6	3	3	6	7	9	6	4	0	3	0	4	8	3	0	4	6	10	4	5	2	6
A[T>C]A	67	57	43	37	80	39	113	78	17	21	19	72	23	22	103	36	90	36	54	14	38	44	95	23	77	58	80	24	23	75	35	76	79	107	19	33	41	36	29	33	49	40	65	93	6	46	18	38	31	60	83	81	81	11	40	43	25	45	38	50	62	56	11	26	68	31	67	60	16	8	75	40	76	49	55	21	73	51	95	49	57	19	60	85	24	19	64	21	68	53	57	34	59	30	47	56	24	39	9	63	24	12	13	21	41	35	52	35	39	23	33	12	19	19	19	39	20	47	27	18	36	12	19	34	20	36	25	7	18	52	20	4	33	32	35	44	57	18	39	19	17	24	19	13	30	40	50	26	9	8	49
A[T>C]C	12	25	14	17	25	13	25	25	8	6	4	27	9	6	25	11	28	14	5	9	8	2	23	7	35	20	25	10	7	24	10	30	21	21	6	12	15	6	5	8	12	13	16	25	2	11	9	15	6	16	20	25	20	4	8	8	3	17	14	14	14	20	5	7	22	9	19	18	9	3	25	17	24	10	18	9	17	12	22	15	21	6	15	19	5	10	13	6	27	21	7	12	24	15	12	15	6	20	1	21	8	6	2	7	5	15	11	8	9	6	10	2	8	6	8	11	8	10	9	7	11	3	5	9	5	13	10	2	1	11	8	3	8	11	7	13	26	5	26	10	2	5	1	4	7	7	11	4	6	4	10
A[T>C]G	58	42	29	33	66	27	80	69	9	20	14	59	21	16	65	31	82	35	30	19	33	28	54	16	78	53	80	31	21	66	33	68	68	78	22	25	37	26	24	32	48	46	38	65	13	31	16	42	25	42	75	75	63	14	40	24	16	43	36	38	49	58	17	32	58	39	41	45	25	2	49	33	46	33	50	17	65	38	74	24	61	15	42	55	18	14	39	25	70	50	49	32	52	23	52	38	23	45	9	54	12	14	18	18	38	36	49	27	32	21	23	6	18	24	22	36	10	32	31	9	23	6	12	21	12	31	14	8	18	30	16	7	24	30	28	45	48	11	42	26	14	15	10	14	29	33	36	18	8	10	54
A[T>C]T	56	48	33	31	60	33	73	55	18	18	14	73	15	22	83	25	69	37	33	19	23	45	70	20	85	42	73	27	25	69	36	69	64	95	13	19	38	24	20	31	44	33	58	68	9	28	14	41	17	57	64	73	58	7	42	27	12	38	28	25	38	56	12	32	60	27	56	65	19	11	59	36	70	35	47	19	47	36	77	26	75	16	53	61	22	22	57	22	66	51	65	33	56	35	49	42	24	40	7	62	19	10	9	19	46	40	40	20	28	14	32	6	26	17	18	25	15	34	15	16	31	8	12	27	18	33	11	11	16	39	21	9	29	27	19	44	47	13	38	15	12	14	11	10	28	18	31	17	10	15	37
A[T>G]A	4	6	2	4	13	6	9	6	1	3	3	5	4	3	5	5	12	2	3	5	8	3	12	0	6	9	8	1	9	6	4	5	7	5	1	4	7	2	5	4	6	2	4	8	1	3	0	0	2	4	6	9	5	3	5	5	1	4	4	5	3	10	0	3	11	2	4	5	2	1	5	3	9	3	4	1	5	5	8	3	8	2	6	3	2	1	5	3	8	3	4	4	7	6	6	8	2	2	0	2	4	0	0	0	9	3	1	4	3	0	2	2	0	2	2	4	0	0	0	1	3	2	0	2	1	4	3	1	0	4	3	0	0	2	3	7	8	2	3	2	1	2	0	1	1	3	6	2	0	1	7
A[T>G]C	3	2	2	0	4	0	4	4	1	1	3	3	2	2	3	1	7	3	1	0	1	1	7	0	10	5	2	0	3	2	2	5	4	14	1	2	4	2	1	1	4	1	8	8	1	3	0	1	1	4	4	3	5	2	2	4	0	2	2	1	4	2	0	1	6	7	4	3	4	1	2	3	4	1	5	2	3	2	4	1	5	2	2	5	1	0	2	2	6	2	2	3	7	3	9	1	0	3	0	2	3	1	1	0	3	1	2	0	2	1	3	0	2	0	2	1	0	4	0	2	3	0	0	0	3	2	1	0	1	5	1	0	3	3	1	3	6	1	1	0	2	2	1	0	1	1	3	1	0	1	0
A[T>G]G	16	11	6	8	13	7	22	15	3	6	2	13	9	4	17	0	12	6	7	3	5	3	16	3	13	6	20	3	5	9	7	9	11	18	5	4	11	2	4	4	13	5	14	10	3	5	4	10	4	10	10	18	14	2	6	2	2	8	2	12	17	12	2	6	9	4	12	8	5	0	9	12	10	6	17	1	8	10	16	7	13	5	7	9	5	5	12	2	9	6	11	4	13	5	10	8	2	8	2	12	5	5	6	4	10	4	7	3	5	5	3	1	4	5	7	12	1	8	2	0	4	4	2	8	3	7	4	0	2	7	1	1	9	4	4	6	12	5	7	6	5	3	2	2	7	2	5	3	4	1	12
A[T>G]T	11	9	7	1	13	3	15	11	1	4	3	12	2	0	9	0	9	3	5	1	3	7	8	1	9	3	9	6	5	9	8	10	7	10	5	4	2	6	4	2	10	3	7	11	0	6	2	1	2	4	12	8	11	1	0	2	4	3	4	7	4	9	1	0	6	3	9	4	5	2	6	3	10	4	6	1	7	5	5	2	6	1	8	16	2	3	4	3	6	5	10	6	9	2	7	3	1	5	2	7	4	1	5	3	5	5	6	1	4	0	7	2	1	3	4	3	1	6	4	1	4	0	4	3	3	7	0	4	1	3	0	1	1	3	5	6	7	1	7	1	1	1	0	0	3	3	4	1	0	0	5
C[C>A]A	20	8	12	3	11	4	15	10	11	2	2	14	7	4	10	5	11	5	5	1	10	7	16	1	12	10	21	10	3	12	6	14	8	11	5	4	10	3	5	5	6	5	10	13	3	3	7	8	5	21	14	11	9	1	12	6	4	5	7	5	5	7	1	4	10	2	11	11	7	2	10	8	12	4	11	6	6	8	13	2	15	3	14	14	2	3	10	5	7	7	11	5	13	11	7	14	4	6	1	8	0	2	2	2	8	6	10	7	3	2	5	2	3	3	4	5	1	9	9	3	8	3	6	5	4	10	3	2	2	6	4	1	2	6	4	7	9	1	9	2	1	2	2	4	3	2	5	1	3	0	4
C[C>A]C	5	12	3	5	15	6	9	10	2	3	3	11	1	4	9	1	12	3	5	5	4	6	16	1	15	4	3	2	4	10	9	12	10	9	4	4	6	4	5	7	11	7	8	8	3	5	3	6	1	13	12	17	7	3	9	6	4	5	2	5	3	5	1	2	12	7	3	8	4	4	10	2	9	6	8	2	7	8	14	5	10	0	7	13	4	2	10	2	12	11	10	6	4	4	6	8	2	6	1	10	1	1	2	4	7	2	10	0	8	2	7	3	3	2	7	2	4	8	3	2	8	0	0	4	0	9	4	0	3	3	4	1	6	3	3	7	10	1	3	4	1	3	4	1	2	4	6	1	0	1	5
C[C>A]G	4	1	3	1	4	4	5	5	3	3	1	11	0	0	5	3	8	2	4	1	2	2	3	2	6	3	5	4	1	11	2	4	7	7	3	1	5	6	0	2	4	6	3	4	1	3	2	2	5	8	5	4	5	2	2	6	1	3	4	0	6	5	0	3	7	1	3	4	3	0	3	3	9	2	2	3	6	2	4	2	5	1	6	4	0	4	5	0	3	4	3	2	5	3	5	5	4	6	0	6	3	0	0	1	1	3	4	4	5	1	1	1	3	2	2	2	2	3	4	1	4	0	2	2	0	5	3	0	1	2	1	0	3	4	1	6	1	1	3	2	2	2	1	2	2	6	7	2	0	0	2
C[C>A]T	12	12	5	3	14	2	10	9	3	4	3	13	1	5	18	5	7	8	3	2	10	4	7	4	10	4	10	6	5	10	9	12	13	16	2	9	7	8	5	5	10	4	8	13	2	3	2	4	2	10	14	10	7	6	8	7	10	8	4	6	8	11	2	2	16	1	12	7	5	0	6	5	10	4	7	5	4	7	8	6	11	3	8	16	4	6	6	1	7	6	12	6	11	8	10	12	2	9	1	11	1	2	0	1	9	5	4	1	4	3	7	3	2	4	2	10	0	9	2	0	3	0	1	6	3	2	3	3	5	4	1	0	3	6	5	7	8	3	8	2	3	2	3	1	7	6	9	6	2	0	6
C[C>G]A	12	9	8	9	13	5	9	12	2	4	3	11	4	5	11	1	19	5	10	5	7	7	17	3	13	8	13	2	2	11	5	11	9	15	2	3	8	6	4	5	8	6	7	7	0	5	2	5	2	17	12	15	12	5	10	5	2	6	6	6	8	15	4	4	9	10	10	14	4	0	8	6	8	5	7	4	9	8	22	1	12	1	5	14	3	1	8	2	11	9	8	3	11	8	8	6	1	8	4	15	4	2	3	10	10	6	12	2	2	2	7	2	4	4	1	4	5	6	4	1	4	2	2	9	2	7	3	1	5	10	3	2	5	4	5	6	10	5	8	2	2	4	2	1	4	13	5	5	1	1	13
C[C>G]C	11	10	11	11	23	10	18	14	5	2	3	19	2	5	19	9	18	2	14	3	9	7	15	4	25	13	16	6	6	16	5	6	23	18	8	6	8	9	6	8	10	5	12	20	2	8	6	8	2	11	12	27	17	7	7	5	4	7	7	7	16	15	1	4	14	3	8	11	8	2	16	7	18	2	15	4	17	5	13	4	16	3	11	17	6	0	7	4	14	10	24	12	9	14	13	6	2	9	1	12	7	1	2	4	13	10	7	9	9	2	8	2	1	5	6	6	2	7	6	2	7	3	5	6	6	7	9	3	3	10	3	2	5	6	8	10	3	3	9	10	3	6	3	8	6	4	7	0	6	1	10
C[C>G]G	2	2	1	2	0	2	5	3	0	0	3	2	3	1	4	1	3	1	2	2	3	2	4	1	5	0	6	4	0	5	4	6	1	5	1	4	2	1	1	1	5	1	3	5	0	5	0	1	3	1	3	4	3	1	0	2	2	2	0	3	3	2	3	0	3	2	2	3	1	2	2	2	6	2	3	1	3	3	5	2	4	2	1	6	2	0	3	4	2	4	3	4	6	2	4	5	0	7	1	3	0	0	1	1	1	1	1	1	3	1	2	1	2	1	0	0	3	2	1	2	1	0	1	3	1	1	3	0	1	2	0	1	0	1	2	1	5	0	4	1	0	3	1	0	1	1	6	0	0	0	1
C[C>G]T	12	9	11	8	24	7	18	10	7	6	5	20	6	5	21	7	10	9	9	2	3	5	18	2	10	14	25	7	7	14	5	15	11	28	2	6	6	11	6	6	5	15	18	22	2	8	6	8	10	14	13	14	18	3	5	7	4	11	5	6	18	13	2	7	19	5	15	13	10	2	16	7	19	9	9	2	10	7	18	7	12	2	11	20	4	5	11	9	13	12	15	8	12	5	16	6	8	6	2	17	5	2	5	5	12	9	15	4	8	6	10	0	5	10	5	6	4	8	5	1	7	0	0	3	2	16	7	2	3	10	4	0	9	5	4	6	16	3	12	6	3	8	1	5	9	5	9	5	3	2	6
C[C>T]A	32	23	14	19	33	14	44	35	7	9	6	30	13	5	39	3	36	16	12	13	15	21	30	7	44	22	35	10	10	32	18	30	27	35	8	18	16	16	10	11	19	20	38	39	11	17	6	15	12	31	35	38	33	8	17	14	9	25	17	17	23	35	9	12	24	24	23	18	13	5	21	16	27	26	14	6	18	23	34	18	24	4	12	33	6	6	30	9	27	26	34	23	25	9	27	21	15	18	4	31	6	8	9	14	18	23	26	14	20	11	19	0	8	11	8	14	6	17	13	3	13	2	5	15	11	20	14	4	6	27	15	2	17	12	16	17	24	10	27	19	7	10	1	6	15	10	21	9	4	5	16
C[C>T]C	27	25	18	16	28	11	48	36	6	13	8	31	8	10	42	19	28	22	20	8	16	12	31	9	45	19	39	8	9	35	20	23	54	37	16	15	16	17	7	15	21	15	25	33	7	13	10	17	18	31	40	38	36	5	18	13	12	21	8	21	25	22	9	11	23	15	19	21	8	15	29	18	32	16	19	9	28	23	38	17	33	6	10	39	9	5	25	19	39	28	22	20	18	14	23	26	14	18	2	29	14	8	3	12	20	18	30	18	19	9	15	7	11	8	8	18	6	22	13	9	19	4	9	13	3	15	7	3	4	24	10	2	7	17	13	17	32	2	35	11	6	7	5	9	9	17	21	13	3	6	18
C[C>T]G	502	307	282	253	324	180	565	446	120	164	164	379	150	159	397	193	535	231	317	143	213	185	497	47	171	213	273	112	108	212	141	228	185	368	90	114	104	145	88	140	197	136	218	279	10	106	106	147	107	212	279	248	307	54	167	107	89	181	69	136	185	187	44	98	183	135	136	144	75	65	170	139	221	117	186	87	250	194	207	134	70	70	229	299	80	73	163	82	190	140	255	118	179	113	166	98	185	390	64	295	161	104	132	153	280	284	379	375	210	197	375	80	104	216	145	339	76	259	340	81	265	35	81	218	132	399	253	36	185	350	158	52	378	126	215	394	261	203	305	147	105	117	116	88	240	265	306	162	86	58	339
C[C>T]T	31	26	24	25	52	15	53	25	16	7	22	36	6	9	48	9	55	18	23	5	18	23	40	9	52	40	34	21	14	38	18	30	40	55	8	17	24	21	13	20	27	17	31	45	8	18	15	21	7	21	41	46	56	9	27	12	8	20	13	12	30	43	13	23	27	18	34	33	14	1	23	18	46	29	31	11	30	19	49	11	39	13	20	34	7	9	33	19	26	32	28	13	36	14	26	23	13	29	2	27	6	4	7	10	25	27	23	20	24	11	18	5	13	13	7	18	8	15	14	7	19	4	4	23	7	22	12	4	11	29	10	1	22	16	14	31	29	13	19	8	5	10	5	5	9	19	14	5	5	7	25
C[T>A]A	7	4	2	5	5	4	12	3	2	3	0	3	1	0	10	3	10	5	4	4	2	3	8	1	5	1	5	1	2	5	2	7	8	8	0	3	2	2	1	2	6	2	6	4	3	3	1	3	6	0	7	5	3	1	1	2	1	4	1	1	7	2	0	2	4	1	7	2	0	1	5	2	3	1	5	0	6	3	12	6	7	2	4	5	1	1	5	2	6	3	7	2	6	3	10	6	1	2	0	4	2	3	1	2	4	3	9	5	7	3	4	0	0	2	7	3	0	7	0	1	3	1	1	1	1	0	2	3	2	6	2	2	2	1	4	3	4	0	2	3	2	1	0	0	0	0	6	0	2	0	6
C[T>A]C	16	4	6	4	14	2	15	11	0	4	2	9	3	2	14	6	7	5	7	1	5	5	11	0	9	8	12	5	3	3	6	11	11	8	4	3	4	2	4	6	10	2	1	9	1	2	2	6	4	5	10	10	5	0	3	3	2	3	2	4	5	11	3	3	7	5	8	6	1	1	9	7	9	5	10	2	7	3	8	5	3	1	10	12	2	3	5	5	9	9	11	3	5	5	3	7	6	6	1	10	1	2	0	5	2	7	7	2	4	0	2	3	2	2	2	3	1	4	5	1	4	0	1	2	3	4	2	0	2	5	4	0	3	2	5	7	3	2	6	2	2	3	2	0	2	3	6	5	1	0	6
C[T>A]G	8	2	5	6	7	6	14	11	4	3	3	7	3	1	8	7	4	3	4	4	4	7	11	3	7	11	7	6	3	11	2	7	9	14	2	2	3	4	6	3	7	6	6	6	1	6	6	5	2	13	8	8	12	1	2	7	3	6	1	5	4	7	0	3	5	5	10	6	3	2	5	1	10	2	10	1	6	2	8	5	2	0	6	11	0	3	5	6	10	2	8	4	6	5	9	9	5	5	2	8	3	1	1	5	5	2	4	5	4	5	7	1	2	3	1	4	4	5	1	1	3	3	1	2	2	2	2	0	2	3	0	0	3	10	3	7	9	0	7	2	5	1	4	1	3	5	4	4	0	1	6
C[T>A]T	9	3	9	3	4	6	11	5	2	2	1	1	3	6	5	1	8	6	4	5	3	2	13	3	11	5	15	1	5	6	5	6	7	10	3	4	4	3	2	1	7	10	5	11	0	5	3	4	1	6	9	8	8	1	4	2	2	4	4	8	4	6	0	1	4	4	3	8	3	3	7	7	4	4	7	2	9	5	10	3	6	6	3	7	5	0	3	3	5	3	8	1	7	3	10	5	3	4	1	4	1	2	0	2	3	3	4	3	2	3	4	5	3	3	1	1	4	4	2	1	2	0	2	3	0	6	3	0	3	3	1	0	4	0	4	2	7	0	4	1	0	1	1	1	4	1	2	3	1	0	5
C[T>C]A	30	10	13	11	22	12	18	25	7	6	6	23	4	4	33	9	26	8	12	8	11	8	23	8	35	21	21	3	9	24	10	23	22	39	4	8	13	8	10	5	18	6	16	30	4	7	6	12	7	27	23	21	24	3	11	11	3	15	8	12	16	24	4	7	22	14	16	20	2	3	20	17	26	11	17	11	13	14	32	8	22	8	5	23	5	5	12	9	18	16	13	7	21	7	17	12	14	21	1	14	6	9	7	3	20	13	20	8	14	11	12	3	3	10	7	11	5	20	4	4	12	3	6	11	7	8	4	2	6	11	8	5	8	9	4	19	18	3	8	8	4	8	3	5	10	8	9	3	5	7	21
C[T>C]C	13	10	12	10	25	7	23	16	7	7	6	13	8	5	24	6	13	15	14	7	9	9	13	5	16	16	16	9	7	13	9	21	17	22	5	13	12	8	9	9	15	5	12	23	0	8	5	12	10	15	22	18	16	3	14	9	4	6	4	10	13	16	5	6	15	6	12	13	5	5	15	8	23	11	16	4	11	8	16	7	19	5	15	17	2	2	14	10	17	13	17	16	19	7	10	12	9	12	4	12	4	4	4	4	9	5	13	2	19	2	5	2	5	4	4	10	5	7	9	3	8	2	4	5	3	9	13	0	2	9	4	0	4	7	7	8	12	1	9	6	3	8	2	0	6	3	10	3	2	4	13
C[T>C]G	21	19	18	20	50	6	48	40	8	6	17	33	4	11	42	11	30	20	21	10	17	17	33	12	41	21	37	15	12	39	22	28	34	53	16	12	16	16	9	13	13	17	35	27	7	18	10	24	15	31	41	34	48	9	17	15	7	26	18	23	18	34	7	15	30	12	27	20	13	9	32	20	40	16	23	12	26	12	49	18	30	9	25	26	12	7	25	13	23	23	23	18	35	17	14	34	16	17	2	21	8	8	9	20	19	21	21	10	15	9	16	2	10	5	7	18	7	14	8	7	20	5	9	13	8	22	13	5	10	24	16	2	15	19	10	34	25	6	23	12	3	13	3	1	13	15	20	12	4	6	22
C[T>C]T	29	19	9	14	34	10	46	25	8	5	6	21	9	10	29	8	31	17	16	9	16	9	28	10	36	13	37	8	17	15	8	18	33	41	6	10	16	12	6	6	17	10	23	29	4	12	13	13	1	22	24	28	32	6	18	11	12	14	11	12	17	16	8	12	20	7	19	14	11	7	21	10	24	9	21	5	16	10	28	13	32	9	14	15	7	8	16	9	23	18	14	10	26	16	21	17	5	17	2	12	4	7	6	9	18	14	23	14	14	7	12	1	3	8	4	11	7	13	9	4	13	3	6	11	5	9	7	4	5	19	8	1	12	11	4	10	21	1	8	8	10	9	3	6	12	13	11	5	2	2	16
C[T>G]A	8	3	2	2	7	3	12	4	0	1	0	6	0	1	2	2	5	4	3	1	1	2	4	0	13	3	6	0	2	6	3	2	4	2	2	2	1	4	0	2	4	0	2	1	1	5	1	1	2	6	4	2	6	1	3	2	2	0	5	4	2	4	0	2	3	1	3	1	2	1	7	4	4	1	1	2	5	4	1	3	1	1	4	1	1	0	2	1	4	4	6	2	0	2	3	4	0	1	1	3	1	0	0	3	3	2	1	0	4	2	2	0	1	2	4	4	1	3	0	1	1	1	1	4	2	1	3	0	2	2	1	0	1	4	2	0	4	1	2	1	1	2	0	0	0	5	3	0	1	1	2
C[T>G]C	10	3	2	2	7	1	8	6	2	0	0	12	1	0	12	2	7	2	5	3	3	4	8	2	10	6	14	3	4	13	2	7	8	9	1	2	6	4	1	3	5	5	5	7	1	3	0	6	1	6	12	6	12	2	4	1	2	6	2	4	6	8	3	1	10	3	10	3	3	1	9	7	8	4	1	1	7	5	9	4	11	1	12	10	4	0	2	4	4	7	7	12	5	5	3	4	3	2	0	5	1	1	0	6	2	2	6	2	3	4	2	0	3	4	1	3	3	2	3	0	4	1	2	3	1	5	2	0	2	5	2	0	6	4	2	10	2	2	6	4	5	2	1	1	4	6	5	3	4	1	6
C[T>G]G	7	6	7	5	3	4	16	13	1	9	3	13	2	2	16	2	14	14	4	2	6	8	11	2	10	6	15	7	4	12	2	10	10	12	0	4	6	4	3	3	4	4	10	14	1	5	3	8	6	9	7	12	8	1	2	2	6	7	6	7	8	14	2	2	8	5	5	6	2	0	7	8	17	10	3	6	10	3	9	8	9	4	8	14	0	1	7	9	10	8	8	7	6	2	6	10	5	7	1	8	4	2	2	2	7	10	12	3	5	5	8	2	5	2	4	3	2	10	2	1	4	1	1	4	2	7	3	1	4	10	3	0	2	3	2	6	15	1	6	2	2	3	3	0	2	3	4	3	2	2	9
C[T>G]T	14	11	6	5	15	2	14	16	4	2	1	18	2	4	18	1	16	4	8	3	4	3	14	3	20	14	8	8	4	19	6	7	12	14	3	4	7	4	8	8	9	8	8	7	4	2	3	6	1	15	10	6	10	1	5	3	4	6	4	9	18	11	3	3	6	12	2	7	5	1	8	3	8	5	4	3	12	8	13	6	15	2	5	14	3	3	11	7	9	5	11	8	13	6	6	7	10	7	1	14	2	3	0	2	3	4	8	2	4	6	9	2	5	1	4	4	1	5	5	1	5	1	3	3	5	9	4	0	3	5	6	1	8	2	4	5	19	0	7	4	3	4	3	0	4	7	2	2	1	1	4
G[C>A]A	10	9	12	11	29	11	24	17	8	6	8	16	3	4	20	8	14	12	7	5	11	11	15	7	17	9	21	8	6	18	11	12	14	24	2	8	10	14	7	8	17	13	8	21	3	5	10	14	8	22	20	25	11	1	9	4	7	11	4	7	15	10	3	7	16	6	13	14	9	6	12	11	13	11	16	2	14	8	13	4	13	5	16	16	8	3	17	9	14	9	12	11	20	4	13	9	8	10	1	9	6	1	4	5	11	8	15	2	9	2	7	3	9	8	8	8	4	13	6	2	9	2	4	6	1	15	12	2	3	11	4	3	11	7	6	14	8	3	9	7	1	5	1	3	5	7	10	6	2	0	13
G[C>A]C	13	12	2	6	22	4	18	7	2	1	3	9	0	5	17	6	13	4	5	6	4	3	7	5	15	12	14	5	7	15	10	7	16	13	6	2	4	7	3	13	9	3	9	8	1	7	3	8	8	9	9	16	24	5	6	3	4	6	5	5	5	13	5	4	21	6	12	8	5	3	12	10	15	9	6	8	7	5	18	4	10	4	6	13	2	2	12	4	11	8	14	7	13	5	4	7	3	5	2	8	5	4	1	5	6	6	11	4	5	5	7	4	0	4	4	6	1	11	4	2	8	2	1	3	5	8	8	3	2	6	4	0	8	5	1	11	9	3	9	3	3	1	4	2	9	10	7	3	3	2	9
G[C>A]G	4	3	2	2	6	2	1	3	0	0	0	5	1	1	2	3	5	3	6	1	1	2	4	1	0	6	8	2	1	4	3	4	6	4	0	0	1	1	3	1	4	0	4	5	0	0	4	0	1	5	5	6	2	2	2	2	0	4	0	1	2	2	1	3	0	2	2	3	2	0	7	3	4	1	1	3	2	6	3	3	7	2	1	4	0	0	2	0	5	4	5	1	2	3	1	1	2	2	1	2	1	0	1	2	3	2	2	5	0	0	3	1	0	1	0	1	3	2	0	1	2	0	0	1	1	1	1	0	1	2	0	0	0	2	2	1	4	1	1	2	1	4	1	1	1	2	4	1	0	3	5
G[C>A]T	6	6	7	5	14	4	12	9	4	9	1	11	4	3	13	3	13	5	6	2	2	3	18	2	22	3	13	6	5	11	6	7	15	18	1	2	6	4	5	9	5	4	13	11	2	9	3	5	5	8	19	6	15	3	10	9	6	3	5	5	10	14	3	3	9	5	8	10	3	3	9	7	16	6	8	4	8	11	12	11	15	1	14	7	3	3	7	5	16	9	10	5	7	6	9	6	2	3	0	12	1	1	4	4	10	5	8	4	7	4	3	1	7	2	2	7	2	5	5	1	6	0	1	4	3	4	5	3	3	7	5	1	5	3	1	5	9	1	11	5	0	5	2	1	6	4	4	4	1	1	9
G[C>G]A	9	3	11	7	8	7	12	9	2	1	3	5	4	2	11	3	7	4	0	4	3	7	7	3	9	6	9	1	2	4	5	8	6	12	2	3	11	2	4	2	7	5	7	12	0	4	4	2	4	8	6	7	9	2	8	4	1	4	6	3	7	8	1	4	7	2	4	8	3	3	10	4	9	6	6	1	2	7	12	7	5	2	6	10	3	2	7	5	10	7	7	2	1	0	4	6	5	6	1	11	1	0	2	1	4	4	6	1	5	2	5	2	3	0	2	1	3	5	3	0	8	2	0	5	1	5	0	0	5	5	0	2	4	4	1	1	6	4	3	4	1	2	0	2	4	4	2	4	1	1	6
G[C>G]C	7	8	7	3	11	7	16	9	3	1	2	11	3	2	14	2	5	2	4	1	3	3	18	1	10	5	8	0	2	7	4	8	9	10	0	3	5	3	3	5	3	0	5	8	0	6	4	7	0	4	6	10	6	2	2	5	3	7	1	2	8	7	2	4	9	0	12	7	9	3	5	2	11	3	8	2	7	2	11	5	9	4	9	12	3	5	6	2	10	12	8	4	12	5	3	6	5	3	0	5	0	0	3	2	14	9	6	5	5	2	2	0	1	1	1	1	1	6	0	1	2	2	4	5	2	7	4	2	4	9	4	0	3	4	4	3	9	2	4	3	3	1	2	3	2	5	2	2	0	0	7
G[C>G]G	2	2	2	2	6	1	6	2	2	0	1	1	0	0	2	0	4	0	0	0	2	2	1	0	2	1	1	0	1	3	1	1	2	5	0	0	3	1	3	2	2	1	2	4	0	2	1	1	1	2	1	4	5	0	2	0	0	1	2	2	2	1	1	1	2	4	1	3	3	0	4	1	3	1	1	1	4	2	1	0	2	1	4	4	0	1	2	0	0	4	5	3	2	1	0	2	0	0	0	0	0	0	0	0	0	1	1	1	1	0	3	0	1	0	0	1	0	1	2	0	1	1	1	1	0	3	0	1	0	3	1	1	0	0	0	0	2	0	1	0	0	0	1	2	0	2	1	0	0	0	1
G[C>G]T	11	5	4	10	11	7	19	13	3	4	2	11	4	3	15	3	8	7	10	3	6	6	12	6	18	13	9	3	3	13	11	8	9	9	3	4	9	4	6	7	9	6	13	9	3	5	8	6	5	7	15	12	20	4	2	8	4	7	2	7	13	11	1	4	6	5	6	6	3	2	8	3	15	7	6	2	9	4	15	9	12	2	11	13	3	3	12	3	9	8	10	4	13	7	7	4	4	9	0	8	7	1	6	2	10	5	6	2	5	2	5	0	1	4	5	3	0	6	4	1	4	2	2	3	4	7	6	2	0	9	3	0	2	7	4	9	12	4	6	4	3	3	2	1	1	3	8	2	1	1	6
G[C>T]A	34	30	20	19	39	17	34	31	17	5	12	20	14	12	47	9	40	21	17	13	15	10	33	7	28	20	35	14	14	26	15	25	37	53	9	27	11	13	15	11	21	21	21	26	9	21	6	23	6	31	36	35	39	7	14	15	9	15	13	23	21	31	7	14	30	6	31	21	5	6	25	22	29	21	27	15	28	22	38	9	30	6	24	33	8	10	29	18	28	9	29	15	22	19	31	24	14	15	6	31	11	3	6	10	16	16	19	15	19	8	12	4	16	12	12	17	5	18	13	5	12	6	4	8	5	23	11	2	6	17	7	3	8	8	16	23	25	8	15	13	2	4	6	5	11	12	11	10	6	8	13
G[C>T]C	33	25	19	22	40	14	43	31	13	7	9	34	11	10	51	17	35	24	25	9	10	17	39	15	48	27	44	9	15	43	20	28	27	49	10	17	23	8	11	21	29	17	22	39	10	13	12	28	12	23	33	36	35	6	28	15	10	24	24	19	25	22	8	9	31	19	23	22	15	5	26	21	41	26	24	17	29	29	43	17	41	7	22	37	4	7	32	13	30	26	28	17	37	11	27	22	13	25	5	24	8	4	6	7	28	15	24	18	31	8	23	5	14	9	13	9	8	23	16	11	17	3	10	17	8	17	7	4	5	26	7	5	13	16	16	26	29	7	11	9	7	12	5	6	20	17	17	8	4	4	26
G[C>T]G	565	350	344	239	401	250	611	480	125	175	143	462	157	189	458	153	578	283	339	202	210	226	523	55	172	228	294	140	111	238	140	271	216	348	99	123	110	164	102	159	219	138	240	287	25	130	107	168	88	260	291	261	290	54	161	102	89	171	56	141	211	216	63	103	182	145	167	141	105	72	181	157	212	145	195	85	242	204	212	143	95	68	234	335	64	83	210	99	200	139	242	130	205	144	182	97	178	451	68	327	206	98	149	172	300	299	348	431	242	196	394	95	116	218	136	367	92	331	354	85	309	49	85	219	119	412	287	49	181	399	160	58	390	147	195	454	295	224	321	165	116	113	135	90	243	284	337	141	108	67	345
G[C>T]T	34	13	12	14	41	16	32	29	10	6	15	37	9	16	31	7	23	12	17	11	12	12	31	8	41	35	27	16	12	23	22	22	23	45	6	13	19	19	13	14	23	18	24	29	6	16	7	23	18	20	31	33	27	4	17	8	6	16	13	31	30	27	10	15	26	8	29	18	11	9	19	17	32	24	20	7	27	21	40	11	26	8	26	39	5	14	30	10	25	28	27	14	31	6	30	18	9	18	0	18	6	3	4	4	20	20	20	9	18	8	15	2	9	5	5	13	8	16	14	5	12	2	7	11	3	15	11	1	6	15	15	2	15	11	9	18	25	6	22	10	4	13	7	4	11	14	26	3	6	2	14
G[T>A]A	9	2	7	5	8	4	9	3	3	2	1	4	2	3	6	4	7	3	2	3	6	1	4	1	10	3	8	2	1	7	4	5	6	14	4	5	4	3	2	2	4	3	5	8	0	4	3	4	3	5	2	6	9	0	4	2	2	6	2	5	4	13	1	2	5	2	2	3	1	0	2	5	4	4	6	3	5	5	7	6	4	1	4	7	0	0	7	1	3	6	5	3	2	1	1	2	2	2	2	6	1	0	2	1	4	2	2	2	5	2	4	1	4	2	2	3	1	5	3	0	4	1	2	4	2	2	1	0	0	3	2	1	3	1	5	4	10	0	3	0	3	1	2	0	1	4	5	5	3	2	4
G[T>A]C	3	2	2	3	8	3	4	8	1	0	1	5	1	1	5	4	2	2	1	2	2	2	2	0	4	2	2	3	3	7	1	8	5	3	1	3	4	2	2	4	2	3	5	5	2	4	0	3	1	2	2	10	3	0	1	0	0	4	2	1	1	8	1	0	5	0	5	3	1	1	3	3	4	5	4	0	4	5	4	6	4	2	3	6	2	0	2	2	5	7	2	1	7	2	5	4	1	7	1	3	2	2	1	1	2	3	5	2	3	1	5	2	2	1	2	1	1	0	3	1	2	0	0	2	3	1	1	0	1	4	1	0	5	2	4	2	4	2	4	0	1	1	3	0	4	4	2	3	0	0	4
G[T>A]G	6	4	5	7	6	4	6	4	2	1	3	4	2	2	7	0	2	7	3	1	2	4	5	4	9	5	4	3	5	6	6	5	11	14	0	3	2	1	3	1	1	3	14	7	1	6	2	3	0	6	3	15	8	2	5	2	2	4	2	1	7	6	0	3	8	3	5	9	2	2	10	7	5	1	3	5	8	4	2	3	5	0	5	5	1	3	9	3	4	2	11	3	7	2	7	5	0	5	0	5	6	2	2	3	4	3	3	2	2	2	6	2	3	1	2	2	1	5	3	1	4	1	1	5	2	4	4	0	2	2	1	1	1	3	0	6	8	3	5	4	0	4	2	3	4	8	4	5	0	1	5
G[T>A]T	4	4	4	1	4	1	7	6	4	1	0	8	0	0	6	0	6	5	1	1	2	3	5	1	2	3	10	5	3	6	2	7	7	7	4	2	3	1	3	2	5	4	3	4	0	1	0	4	2	3	7	8	2	0	2	5	1	5	1	2	4	6	2	2	6	2	2	3	2	0	3	7	5	7	5	0	6	5	2	1	3	1	4	3	1	1	6	3	3	3	6	1	5	3	6	3	1	3	1	6	0	0	1	1	3	2	5	0	4	3	4	0	1	0	1	2	2	2	1	0	3	1	1	2	3	2	2	1	2	3	2	2	2	1	2	4	5	1	0	0	1	1	0	1	1	1	3	2	3	1	4
G[T>C]A	28	23	11	10	33	15	28	18	6	4	7	19	7	11	26	7	29	9	8	9	10	11	17	14	22	19	20	14	8	27	18	15	23	24	9	13	15	6	9	13	14	13	21	23	2	10	9	15	10	23	18	27	25	3	17	14	8	8	15	14	11	26	2	14	26	7	19	21	9	4	17	11	24	16	15	5	18	14	26	13	22	5	10	24	4	5	7	12	23	20	25	12	18	9	14	12	8	13	4	22	4	2	4	11	8	14	22	11	20	4	8	2	9	5	3	12	6	10	10	3	13	3	5	7	3	8	8	2	8	10	11	3	8	8	10	11	16	6	16	7	5	8	4	1	7	10	22	7	1	3	19
G[T>C]C	16	5	6	10	12	9	9	15	4	0	6	13	5	4	16	5	9	8	8	3	6	8	16	4	12	11	12	3	3	11	10	11	12	16	4	5	8	8	5	7	10	6	6	15	3	4	1	12	9	8	16	14	9	4	8	4	4	8	8	7	4	10	2	7	13	6	13	14	3	3	9	13	8	5	14	5	8	10	13	4	10	5	11	5	6	2	8	5	10	8	9	3	14	6	10	9	4	7	3	10	4	1	6	4	5	4	21	5	5	3	7	3	2	3	4	3	2	6	2	0	5	4	4	5	3	7	2	1	4	8	5	0	3	5	5	4	10	3	4	4	3	6	3	1	4	5	7	3	6	2	12
G[T>C]G	20	19	12	13	27	8	32	24	9	4	7	24	10	10	36	5	22	22	16	9	12	15	23	7	28	20	29	9	10	30	11	32	26	26	9	10	20	10	13	19	17	12	16	31	3	19	4	15	5	18	26	25	26	5	12	14	4	9	12	13	23	15	8	14	25	16	19	13	7	5	15	17	26	6	16	11	16	18	30	12	26	4	17	33	5	4	26	8	25	18	14	5	26	11	15	18	6	15	1	16	8	6	7	4	17	13	15	13	16	8	15	3	14	5	6	12	5	14	5	5	10	4	7	13	9	10	6	4	11	14	9	1	14	15	9	16	19	10	13	6	4	8	7	4	7	5	9	7	6	1	15
G[T>C]T	12	17	13	7	30	10	23	15	8	7	9	18	9	5	21	4	18	11	14	4	15	8	31	6	18	22	24	5	14	19	13	22	22	39	7	6	16	13	7	10	16	11	18	19	2	13	3	15	7	13	28	29	26	3	15	5	6	14	13	8	23	24	6	8	24	10	8	11	12	3	23	17	17	9	17	8	25	21	26	15	23	8	10	22	5	3	19	7	26	17	9	7	21	8	16	12	10	14	1	28	8	2	4	5	13	7	11	8	14	4	13	2	1	4	9	8	2	13	11	1	10	4	10	9	6	13	2	3	5	20	1	1	7	10	10	9	28	3	13	7	2	8	5	2	5	12	23	4	2	3	12
G[T>G]A	5	5	3	1	4	2	5	3	2	0	1	5	0	1	5	3	4	3	1	0	1	1	3	0	4	2	7	1	3	4	3	3	8	4	0	1	3	0	3	1	3	4	3	4	0	0	3	2	1	2	3	6	3	1	4	2	4	3	0	1	3	6	0	0	2	3	2	4	1	1	1	2	5	2	3	0	3	2	4	3	4	0	3	4	1	1	3	1	3	1	2	2	6	2	5	1	0	1	0	1	3	0	4	0	0	4	3	1	1	1	4	0	2	1	0	1	3	0	1	1	2	0	0	2	0	5	2	1	1	0	0	1	4	1	0	2	2	0	1	1	1	1	1	1	3	2	2	0	1	0	0
G[T>G]C	2	3	1	3	3	2	4	2	1	4	0	1	0	1	0	1	5	1	2	0	0	1	1	1	1	0	5	2	1	2	2	3	2	3	0	0	1	0	1	2	0	1	2	5	0	0	0	3	0	2	0	5	5	2	0	0	1	1	1	1	5	4	0	3	4	1	3	1	0	1	3	2	3	1	0	1	4	4	2	4	1	1	1	5	0	1	4	0	0	1	3	0	2	1	2	1	0	1	0	2	0	1	1	1	2	3	1	1	0	1	2	0	1	0	1	1	0	1	0	0	2	1	0	1	2	3	0	1	1	1	4	0	2	3	0	2	1	0	0	1	0	1	0	0	4	0	1	0	0	0	0
G[T>G]G	6	9	6	9	11	1	12	3	4	4	4	12	3	0	9	2	9	6	7	4	5	8	5	4	8	6	14	2	6	12	5	7	10	8	0	4	3	6	4	3	5	5	6	6	3	8	4	6	6	6	14	9	11	2	5	3	3	7	2	4	7	15	2	6	6	1	8	7	3	1	5	7	6	10	10	2	6	4	9	5	6	1	3	6	4	2	5	2	10	9	4	3	5	3	6	4	3	7	2	8	8	2	2	7	7	5	4	2	8	6	6	0	3	1	1	5	3	11	4	1	2	0	5	6	2	4	3	1	1	5	7	2	5	9	2	8	7	1	8	1	3	2	1	3	3	3	6	3	4	0	5
G[T>G]T	2	6	3	4	5	1	8	0	2	1	0	4	0	0	7	3	4	4	1	1	6	3	4	0	5	3	1	1	1	2	3	5	4	5	0	1	3	2	4	1	0	2	6	6	1	1	1	4	0	3	4	9	5	1	2	4	2	2	2	3	4	3	1	1	3	3	2	2	3	1	4	1	3	1	3	1	3	3	4	2	4	0	3	5	0	0	2	3	4	7	3	0	2	1	2	2	0	2	0	4	0	0	1	1	3	0	3	2	2	1	2	1	3	0	0	3	0	2	2	0	2	0	3	2	1	2	0	1	0	3	0	0	3	0	3	5	5	0	4	1	0	1	1	0	1	4	1	1	0	0	4
T[C>A]A	56	62	34	48	96	40	56	87	28	26	22	84	24	21	86	30	32	38	29	18	36	27	81	4	12	7	12	3	6	14	5	21	17	23	9	5	3	5	6	9	6	5	15	13	3	10	2	9	11	12	13	17	12	4	2	3	3	7	9	13	5	13	2	8	11	6	7	12	7	3	11	8	11	7	10	2	15	8	16	6	8	3	9	15	3	3	9	2	14	10	11	6	9	6	9	6	106	258	38	197	84	45	65	119	199	174	217	280	126	93	190	58	36	144	71	210	53	145	139	58	257	44	68	206	97	305	148	46	129	299	115	33	182	105	225	166	190	151	226	151	57	86	88	95	130	157	174	83	73	50	288
T[C>A]C	32	24	7	28	48	11	23	43	18	5	13	42	16	14	40	10	23	7	16	3	30	14	41	5	16	12	19	13	6	16	10	16	20	20	4	8	7	6	3	6	11	2	18	10	3	8	5	12	7	16	17	19	13	5	11	12	6	9	2	4	11	7	0	8	12	3	10	13	1	2	11	7	16	12	10	2	15	8	19	6	13	7	13	15	4	4	16	9	23	14	12	5	13	10	20	9	7	9	2	9	1	4	2	5	5	10	7	7	11	2	7	2	5	5	3	9	2	12	5	1	6	3	0	5	3	9	5	1	0	10	4	1	8	6	6	8	12	3	12	2	2	4	0	1	8	6	11	2	3	3	10
T[C>A]G	3	1	1	3	3	1	4	3	1	1	0	4	1	1	5	3	2	4	0	0	1	2	5	2	5	3	3	0	3	2	1	3	1	5	1	3	2	3	2	2	3	1	3	4	0	3	3	6	0	2	5	5	2	3	2	4	2	2	7	2	3	1	1	1	4	4	5	5	1	0	2	2	7	1	5	1	7	6	5	1	2	2	4	5	2	1	2	0	4	4	7	3	4	1	3	2	1	1	1	3	2	1	0	0	2	3	2	3	0	2	1	0	1	4	2	4	1	2	1	2	3	1	2	1	1	4	0	1	0	2	2	0	1	1	1	3	5	1	1	1	0	0	1	0	1	1	0	0	3	0	4
T[C>A]T	48	50	24	31	58	22	47	40	21	14	12	48	25	16	61	17	32	23	22	22	26	18	65	8	25	18	23	3	9	22	9	24	18	21	2	13	12	7	15	10	15	14	11	15	5	7	2	9	4	19	23	24	25	2	12	6	8	11	7	5	16	13	4	6	19	8	9	16	8	5	17	17	21	18	12	9	10	18	29	8	28	6	9	17	3	7	17	8	17	14	20	18	17	12	17	9	723	1742	238	1626	631	319	577	850	1541	1180	1403	1974	830	629	1256	357	346	980	498	1390	363	814	1164	363	1872	281	427	1415	674	2020	1109	282	858	1986	745	227	1297	737	1294	1174	1436	998	1507	1072	416	552	573	708	932	939	1221	714	520	321	2032
T[C>G]A	227	224	104	171	313	110	170	334	113	59	77	274	131	80	300	108	129	95	110	78	122	88	329	2	15	10	17	9	7	18	7	14	13	11	4	4	3	5	11	5	9	12	13	11	1	7	2	4	1	10	17	18	11	0	11	1	0	9	5	4	9	19	4	6	14	5	13	11	4	3	6	9	13	5	7	4	14	3	15	8	20	4	8	19	3	5	12	2	13	11	12	6	17	3	11	10	5	9	0	12	3	2	1	4	2	8	12	8	8	2	6	0	7	6	5	9	0	11	4	5	6	1	6	6	6	8	3	0	4	11	2	1	4	4	5	7	12	3	11	1	1	2	1	4	8	9	12	3	2	1	4
T[C>G]C	50	52	16	45	66	29	33	80	26	17	16	69	27	21	64	24	37	21	32	28	31	18	64	2	15	10	18	6	7	10	7	6	13	19	4	4	10	10	7	6	12	6	10	22	2	6	5	8	8	7	15	16	19	2	8	5	4	8	6	4	9	15	1	4	10	4	5	7	2	1	10	9	9	14	9	1	10	3	21	4	14	5	11	18	4	5	8	4	6	14	8	4	8	12	10	11	4	3	3	8	3	4	6	4	7	5	10	2	6	5	8	2	6	4	1	8	3	4	10	5	3	3	0	3	2	3	3	2	2	7	4	0	5	3	9	4	9	4	5	2	1	5	4	4	5	6	8	5	5	1	5
T[C>G]G	4	2	1	1	2	4	4	1	0	2	1	2	1	1	5	3	1	5	1	1	3	3	1	1	6	2	4	2	1	6	1	4	5	1	1	0	6	0	2	2	0	1	2	3	0	0	2	0	1	2	5	2	6	2	4	1	2	0	1	2	0	1	2	1	0	4	3	5	1	1	3	0	4	3	2	0	2	4	2	0	4	1	0	2	1	1	1	2	2	2	1	1	1	1	3	1	0	0	0	3	0	0	0	0	2	1	6	0	1	2	0	1	0	0	2	1	2	6	1	2	1	0	1	2	0	0	1	0	2	2	1	1	2	2	1	2	5	0	1	2	0	0	0	0	1	1	2	0	0	0	2
T[C>G]T	290	266	141	195	344	143	200	367	115	70	80	347	162	108	373	131	172	104	118	107	182	98	375	7	27	25	31	8	9	18	11	23	23	32	2	6	10	8	13	6	7	13	28	29	4	8	10	12	6	15	26	22	19	2	12	6	3	14	13	9	16	14	4	15	32	11	12	21	7	5	11	6	21	9	12	7	20	22	19	12	21	5	12	18	4	5	15	10	17	15	21	9	13	10	8	12	3	12	2	17	9	5	8	6	14	6	18	7	15	4	13	2	5	6	6	6	6	9	5	2	11	1	4	5	4	16	10	1	6	8	7	1	6	6	9	16	11	5	16	5	6	4	2	3	10	9	13	4	2	4	11
T[C>T]A	43	24	19	17	33	17	48	27	9	16	8	29	12	9	51	13	36	21	11	9	14	21	37	197	991	1021	1137	465	450	876	463	1284	900	781	291	453	446	652	466	806	881	413	822	766	108	535	329	642	368	783	924	1082	1147	162	556	476	215	614	334	437	613	654	228	363	892	439	803	953	341	202	597	559	1184	591	636	277	881	505	906	566	650	209	722	1032	183	325	871	411	1436	466	869	392	850	378	618	554	9	16	4	25	9	11	4	13	17	19	27	9	19	3	14	3	4	6	10	20	9	17	9	8	20	0	5	10	5	15	12	4	8	28	12	4	11	10	6	20	27	2	31	14	2	15	6	4	13	12	16	10	4	6	20
T[C>T]C	28	37	19	17	34	14	59	39	11	13	16	33	7	13	47	15	40	26	23	6	13	16	37	39	204	178	245	104	75	199	96	254	192	185	48	105	91	134	93	155	193	95	184	205	25	93	85	151	75	146	203	250	243	46	134	102	38	125	79	96	145	135	54	76	163	113	176	211	70	56	138	112	246	147	131	43	192	115	177	117	159	61	144	244	46	82	166	90	298	93	194	87	209	76	118	125	12	22	5	26	6	5	11	5	19	21	24	22	22	12	12	4	10	8	6	11	9	25	14	6	15	5	10	21	11	31	16	7	3	19	7	3	14	22	15	21	41	12	17	14	8	7	11	4	8	19	22	9	9	7	22
T[C>T]G	297	183	216	115	219	134	358	262	66	106	90	247	99	110	248	97	290	147	189	109	109	125	273	47	174	215	266	128	94	214	98	250	187	243	90	109	110	151	96	159	198	102	180	239	24	126	73	138	72	202	215	225	249	34	162	79	64	136	66	92	161	166	50	83	159	111	130	181	97	42	190	145	219	125	158	70	174	155	197	125	104	57	187	285	48	77	159	78	192	120	209	108	163	105	188	85	91	230	39	187	84	45	68	88	153	139	208	233	109	89	224	47	77	120	84	182	59	176	185	45	161	20	56	111	73	218	125	15	104	226	86	39	191	70	98	242	146	122	186	91	64	60	77	52	140	146	208	59	59	40	170
T[C>T]T	42	28	20	18	42	15	44	31	9	8	8	47	6	10	49	18	48	26	12	8	25	19	26	92	551	517	669	268	253	493	241	703	516	472	185	268	252	384	255	479	474	217	451	470	70	289	194	383	193	455	551	677	673	97	308	273	134	341	183	236	372	422	131	207	501	258	423	506	198	126	377	305	706	318	370	153	493	285	517	323	421	129	407	591	97	158	467	252	733	283	476	209	445	223	347	301	46	93	8	66	22	6	28	39	75	63	81	84	43	36	61	13	15	39	24	71	16	63	52	25	65	13	28	57	23	86	33	12	32	90	37	11	62	42	55	57	68	44	56	52	19	25	18	25	48	45	64	40	21	22	84
T[T>A]A	7	10	6	9	14	8	13	6	4	5	4	4	2	5	8	2	8	11	4	3	8	10	16	4	10	5	7	3	3	9	3	16	10	20	3	5	10	7	3	7	7	8	5	16	4	3	2	9	3	13	10	16	6	1	5	3	6	13	4	6	7	5	3	6	8	8	5	9	5	2	10	3	15	5	16	4	7	5	14	1	13	1	2	6	3	1	7	6	10	10	9	7	11	3	9	5	5	11	0	4	3	0	5	5	5	3	3	3	6	4	4	0	2	3	1	2	1	7	4	1	2	1	1	3	5	5	6	1	2	7	4	2	9	3	5	6	8	3	4	2	1	3	3	3	2	2	10	1	2	3	8
T[T>A]C	5	4	6	4	7	0	3	6	2	3	1	3	2	3	9	1	12	2	3	1	1	2	12	0	9	7	8	4	5	7	4	2	6	6	2	5	2	3	7	5	1	3	4	7	1	4	4	4	3	7	12	12	4	4	8	5	1	5	3	4	4	5	2	2	9	4	3	3	1	2	6	2	9	5	5	0	5	2	11	6	2	2	11	4	1	1	7	5	4	3	5	4	10	7	8	8	2	2	1	8	2	1	3	0	6	2	7	3	4	1	1	1	0	1	1	2	0	5	0	3	3	1	0	4	1	8	2	0	2	4	4	0	3	2	1	4	7	0	6	3	1	5	1	0	3	3	4	1	1	1	3
T[T>A]G	8	0	6	5	12	6	8	3	1	0	3	10	2	2	5	1	9	6	5	2	5	4	8	0	10	6	7	3	2	10	5	9	5	15	3	6	9	1	5	4	10	3	2	7	3	4	0	6	2	17	8	7	6	1	2	4	2	4	9	7	2	11	1	5	8	9	5	12	4	1	10	4	6	2	4	6	10	5	10	5	5	1	4	6	1	0	7	3	10	4	2	6	6	2	1	7	1	5	1	6	0	1	0	0	5	6	9	3	3	3	5	0	1	0	4	2	0	5	4	2	3	0	1	5	3	7	2	3	0	7	3	1	3	3	1	4	7	1	6	2	1	2	0	2	5	3	5	3	2	1	4
T[T>A]T	12	8	11	3	15	5	11	16	4	4	4	8	2	4	15	6	21	13	8	4	3	5	9	5	13	9	20	4	4	11	7	15	11	24	7	7	7	8	2	5	6	6	7	14	2	6	1	7	6	9	21	17	19	0	9	5	10	5	6	4	10	9	2	8	17	5	14	3	6	1	10	7	13	10	8	5	10	4	15	2	12	6	7	18	3	4	13	5	11	8	14	8	8	9	8	13	5	8	2	12	4	3	4	7	14	7	11	5	11	3	5	3	5	6	4	6	8	12	6	3	6	2	6	4	3	13	5	2	1	9	5	1	6	4	6	9	15	3	10	6	0	3	4	6	4	8	5	6	1	2	11
T[T>C]A	32	23	13	11	34	9	27	32	4	7	6	34	7	16	31	7	39	14	15	9	9	14	28	8	34	18	26	16	15	33	17	26	28	39	8	11	22	19	19	6	25	10	32	40	3	27	5	17	15	22	21	32	34	4	23	14	14	8	21	16	16	19	9	17	17	14	28	28	19	8	16	13	31	23	16	6	28	21	37	17	30	9	30	28	8	8	27	9	32	15	23	17	22	19	22	24	13	21	2	29	7	4	8	13	18	14	21	9	14	7	14	4	2	12	10	16	9	14	10	6	11	2	1	18	10	11	14	4	4	29	8	0	14	11	13	16	29	15	15	9	12	11	8	5	13	13	15	9	9	5	16
T[T>C]C	20	14	6	11	20	6	21	14	3	4	4	16	2	4	26	3	12	10	10	6	7	3	19	7	20	13	18	4	13	11	8	16	19	22	7	10	13	6	7	10	14	8	15	19	0	9	9	11	6	22	11	14	14	2	13	8	6	13	7	7	5	18	4	7	16	7	14	15	4	4	13	5	13	14	12	10	18	5	17	9	13	3	16	16	4	8	11	8	19	11	11	9	17	7	13	11	7	21	0	13	3	2	2	3	6	10	15	10	7	7	9	1	1	4	3	5	3	13	7	2	12	4	0	5	3	8	7	0	6	12	5	3	7	3	11	13	14	4	9	5	3	5	1	2	2	3	9	6	2	1	10
T[T>C]G	20	16	7	16	21	13	18	16	2	5	5	27	3	8	34	5	22	14	7	5	10	10	23	8	23	13	25	10	5	17	5	23	20	29	5	8	10	10	6	16	19	6	14	29	4	10	3	15	9	15	27	29	21	2	13	5	7	13	13	15	12	19	2	16	14	7	19	20	11	3	19	8	21	9	19	6	12	16	42	6	24	13	19	29	4	5	14	6	17	11	14	8	15	12	13	15	8	22	0	14	5	2	3	6	18	12	21	5	9	5	10	3	7	8	9	9	2	7	7	5	11	3	2	5	2	7	8	2	2	10	4	4	5	8	8	11	23	2	20	6	7	5	4	3	9	4	12	6	4	2	14
T[T>C]T	28	19	14	22	30	10	41	22	8	14	7	20	11	6	33	16	27	20	18	10	16	15	44	10	41	26	29	16	18	23	17	31	34	51	8	17	12	14	12	14	24	9	29	33	5	17	10	12	13	27	35	32	28	4	16	11	9	16	21	21	16	28	7	14	33	11	25	21	8	6	20	16	28	17	24	10	19	22	48	12	26	9	10	33	6	13	29	9	23	15	26	16	30	14	33	18	9	22	1	28	7	4	3	6	26	16	15	14	25	9	9	2	10	10	6	13	4	16	7	4	9	5	6	12	9	19	9	3	10	22	5	2	10	15	6	17	25	5	18	6	7	8	4	2	19	10	14	8	2	3	19
T[T>G]A	8	6	5	2	4	4	7	8	5	5	1	7	2	3	10	3	6	4	4	5	4	8	9	5	10	11	10	4	3	5	7	3	11	13	3	0	5	7	4	3	5	4	6	8	1	0	2	7	4	7	9	10	4	3	5	1	4	8	3	4	6	8	3	4	4	3	7	7	4	0	5	5	11	7	1	5	6	6	14	3	10	1	5	8	2	0	9	4	7	8	4	4	12	3	6	7	0	6	2	7	3	1	1	3	6	3	5	5	5	2	5	0	4	4	1	9	0	6	3	1	5	0	0	5	1	1	2	3	3	5	3	1	7	2	4	5	4	1	7	2	1	2	0	1	3	2	4	4	0	0	8
T[T>G]C	6	15	10	5	13	3	14	14	5	6	2	13	3	1	13	5	5	4	6	2	8	3	10	1	17	4	14	3	8	8	4	8	8	16	3	3	4	2	8	7	8	9	9	11	2	8	2	8	4	9	16	14	12	4	7	5	4	7	7	9	6	12	0	7	10	8	6	7	4	3	10	7	18	4	11	4	12	2	12	5	11	4	13	13	5	1	7	2	12	6	4	4	10	8	9	5	3	6	1	4	1	3	5	1	5	3	5	7	9	2	4	0	5	2	3	9	4	3	1	1	10	1	4	5	0	5	3	1	1	5	2	0	5	6	6	4	12	6	5	0	0	2	0	1	6	6	8	2	0	3	6
T[T>G]G	12	15	2	7	9	8	17	8	2	3	3	7	2	2	17	6	11	6	6	3	3	3	4	4	20	7	16	8	5	16	7	10	11	20	4	6	4	7	5	7	7	2	11	13	2	7	5	9	7	13	7	16	15	4	7	5	3	2	6	5	14	8	1	5	7	6	10	12	7	2	2	6	10	11	10	2	5	6	14	6	6	3	2	16	5	5	10	8	11	9	13	6	8	6	11	7	10	7	1	12	3	1	1	0	7	12	9	3	5	1	5	1	3	4	2	2	1	6	4	1	4	0	4	5	5	6	4	0	3	8	0	0	6	4	4	2	5	2	7	4	5	4	3	3	5	7	9	5	1	2	8
T[T>G]T	19	19	15	14	22	15	27	25	6	4	9	28	10	7	19	11	28	11	8	7	5	9	23	8	28	19	21	7	8	14	17	18	20	28	6	11	10	7	9	14	16	10	16	18	6	13	7	15	8	12	29	19	25	3	12	9	3	17	7	12	15	21	4	7	22	10	19	11	12	7	15	15	22	14	19	5	13	11	26	16	18	6	15	21	3	6	14	12	13	18	25	6	17	8	18	14	3	4	2	15	2	4	7	6	10	16	19	12	14	7	12	1	3	10	5	6	10	18	2	4	5	1	8	6	7	12	9	3	4	11	5	0	9	12	8	10	23	1	4	3	5	3	4	7	5	8	11	5	6	1	13
