MutationType	SBS96A	SBS96B	SBS96C	SBS96D	SBS96E	SBS96F	SBS96G	SBS96H	SBS96I
A[C>A]A	0.001446807816682849	0.0016286897822283208	0.001401480480126338	0.009420572477392853	0.002399499068269506	0.011726376716978848	0.008935606619343162	0.012751071286038496	0.003946652403101325
A[C>A]C	0.0005615108217170928	0.0009963541117031128	0.0015165880691711208	0.00470251104561612	0.0008580601366702467	0.009649197419639677	0.009266454214230179	0.014210003800690174	0.0023577191874210256
A[C>A]G	0.0003452100863796662	9.125256974584772e-05	0.000586944948185288	0.00038422841680585407	0.0008377221616683528	0.0009181868548125749	0.00115393798914738	0.0007484335510525852	0.0007476234767409551
A[C>A]T	0.0010929981741355731	0.0012054955179337413	0.0004405128498037904	0.0034123601391911527	0.001450834768183995	0.004791600385215133	0.008549351361580193	0.00483714596180107	0.004386110734776594
A[C>G]A	0.0012836823399993591	0.000739397868164815	0.0014521498407702893	0.0044836815213784575	0.0023759058210998775	0.005092359315761086	0.013687915727496147	0.00983787874574773	0.005654813686851412
A[C>G]C	0.0009029146250668418	0.0006090180046157912	0.0010256170164211654	0.0029475466668372973	0.0006320017113466747	0.004240440667490475	0.004359023657161743	0.0095007476687897	0.002406188612803817
A[C>G]G	0.0003165090301607165	0.0002796388233631708	0.0001100289750581851	0.00021862395806238055	0.0006776089954655618	0.0009967132267775015	0.0006580419794772752	0.0030781919311266394	0.001127824024297297
A[C>G]T	0.0023958167526870965	0.0014418291102629155	0.0010568560594947484	0.0059261846472509205	0.0021642542560584843	0.007286539974302286	0.007911101968072095	0.011670681228861213	0.0054332146981323605
A[C>T]A	0.007897984376177192	0.009406873025000095	0.02770909871906042	0.02898201681673527	0.019240064639598133	0.021458356770287422	0.03904800619930029	0.0312075750979805	0.01895788675174117
A[C>T]C	0.002978149487171322	0.0018919727765023709	0.0033123458328645937	0.011824286447699705	0.003694593464024365	0.013198232220020145	0.01419038330204785	0.02084106598049402	0.005642037722282112
A[C>T]G	0.013492912572110072	0.06967216581106186	0.3346403479576111	0.20266388729214668	0.18089153617620468	0.02241562224799054	0.10680250991135835	0.006185631189582175	0.11173221447227095
A[C>T]T	0.0056513386312872175	0.002306414840859361	0.0030463213239057653	0.008930184133350848	0.006038627470843494	0.016641694493591784	0.019292587274685503	0.02218071904499084	0.008716983432896086
A[T>A]A	0.0008552498591634079	0.0008718127464817371	0.0024182829074561596	0.005225608707405627	0.0006258473789785057	0.005156797834206373	0.006298445042184575	0.007863719121087343	0.001696388989512343
A[T>A]C	0.0008667039262952916	0.0008668675961299103	0.001290692652195169	0.004981192451668903	0.000902079172374215	0.00558263580911395	0.005981050338596106	0.008839020773302763	0.0030664198420709
A[T>A]G	0.0012402290187310428	0.00045001234430646595	0.0019233152910601349	0.004586870362982154	0.0013879879988962784	0.006239910834119655	0.008818533205345602	0.013646815158426761	0.00381980283127632
A[T>A]T	0.0009907743020448833	0.0006706396175590879	0.0013028149129240773	0.0033168360519994166	0.0008881125366315245	0.003526158124441281	0.010069226915948092	0.007835931004956364	0.0019753918561036697
A[T>C]A	0.007893563248217106	0.0044390993192791935	0.011415294511243701	0.027019741013646126	0.010277452459558845	0.03398381760343909	0.035709924437105654	0.04692016206681728	0.015123832342214882
A[T>C]C	0.003087222564499825	0.001764580194139853	0.00032504452683706104	0.00613285884319339	0.004396093683317304	0.008940688148580378	0.010523673240095394	0.01882493505254388	0.004720794963850495
A[T>C]G	0.006301658833399418	0.004643837281037122	0.009026413678657263	0.020055895298719408	0.008030925085768104	0.03372734431177378	0.02518373789062025	0.0415279945358634	0.013534347270615399
A[T>C]T	0.006843971787020564	0.004255540308076888	0.0046489324304275215	0.02075348044745624	0.008120534662157296	0.030549733573570846	0.037454898655414584	0.0452064748853445	0.01291710815858096
A[T>G]A	0.0010420563106890769	0.00039009587198961525	0.000314903228405683	0.0014172181719914083	0.001976468926295638	0.004810032888781279	0.0027252349769696592	0.0035975223872810602	0.0011605978404986672
A[T>G]C	0.0003326104801452897	3.1632747776719206e-05	0.0006023248104611411	0.0008603863010648638	5.5681518279016015e-05	0.004150006342388224	0.0028915051952935755	0.0015466992044821382	0.000824519561138004
A[T>G]G	0.0009570770696321063	0.0009792745928280055	0.002290052128955722	0.002601726085413247	0.0024220298626460137	0.005279794940724969	0.005626233398949054	0.008906183671206621	0.0034861586056649683
A[T>G]T	0.0008438858785666525	0.00021599796164082364	0.0010787318518850953	0.003431041416653824	0.0011496206221636384	0.0010279524055589074	0.0069458155892789366	0.003392710414806288	0.0020390097944528065
C[C>A]A	0.0022651779116131367	0.0008874762075720355	0.000845278846099979	0.003192822029814124	0.002578018297208473	0.0030819551117019727	0.0071707027032971386	0.007084131345618516	0.002889843656157609
C[C>A]C	0.0011333384114550426	0.00038551433700320106	0.0011413663171592353	0.002772561041638255	0.0013502597344065962	0.005851302691735327	0.0048696832382120366	0.005862348200753331	0.002597232318657916
C[C>A]G	0.0005613196059130132	0.00023396534998028075	0.0007845220505259931	0.002258145901652692	0.00011056287221435923	0.0023535095795561263	0.0025581847643479706	0.0031697395319497446	0.001924119851901196
C[C>A]T	0.0013758549757767469	0.0008069932388025336	0.0006394770374754444	0.003437090750958305	0.0012809288338758052	0.00429291101281719	0.008115610899403691	0.007704219766455711	0.002401289254339645
C[C>G]A	0.0009214281140771163	0.0009080252595595085	0.0011413391084351908	0.0042126975022256374	0.001777978555765003	0.007545856428623665	0.005394305905792862	0.007210798934102059	0.0025013778154971077
C[C>G]C	0.001630808343179524	0.0010648576820130983	0.0015145141049578037	0.0038913737051188948	0.0024433499449514782	0.008002197608584538	0.008948899724055081	0.008546125474458677	0.002190474964666609
C[C>G]G	0.000344928985578008	5.1489627367118374e-05	0.0004547796488623135	0.002079676627956198	0.000198375755280722	0.0010556899507739193	0.00226141243474558	0.003260959657404783	0.0006780481489840895
C[C>G]T	0.0020942033792380244	0.0012183534039650113	0.0015268322211341	0.0038280905573628843	0.0026607062900438905	0.006057413318194449	0.010367200057953597	0.004649366830822998	0.0057687490625539795
C[C>T]A	0.003329029550583473	0.0029395191930234434	0.002779851679224521	0.013506203331053257	0.004009721917100251	0.013132535720069427	0.014028671733103692	0.018804728053969256	0.008731660165358335
C[C>T]C	0.0029638973304827233	0.0029502828081604095	0.0014935998413449169	0.012065849942155182	0.003967810363974422	0.014815112575888634	0.016199159994721414	0.02373410165309906	0.007473512704018503
C[C>T]G	0.009889205414219759	0.047764706425368786	0.18431000113487245	0.11394011601805687	0.09257332310080528	0.03189278109621496	0.0414852790330851	0.015767851879301076	0.08275404274463653
C[C>T]T	0.00403026290005073	0.0018959001754410565	0.004732974525541067	0.010814613103866577	0.005783869791775942	0.020223272545263172	0.014297912153798317	0.021622723527252675	0.010018539009615779
C[T>A]A	0.00023107969464035704	0.00028940110769326566	0.0010650395706761628	0.0026043237128760667	0.0005476931688519926	0.0014740567867193022	0.004995878442423418	0.003949655841740096	0.001323098497960018
C[T>A]C	0.001195657984317222	0.0004447160501545755	0.001540573216334451	0.0032473793835379183	0.0019431574561167507	0.002328290161676705	0.0031837779679335654	0.003992939670570195	0.0016503771621501073
C[T>A]G	0.0013159268302842975	0.0005745829243097617	0.0009578900469932705	0.0034273179015144708	0.0012942087661940605	0.002114612277364358	0.005392017751000821	0.004109570151195198	0.0017298550403211266
C[T>A]T	0.0007360110517393881	0.00011498941057652701	0.0033308630576357246	0.0011769025353714825	0.0005611205524160112	0.0025547612603986636	0.0025568889250280336	0.0043693278450518845	0.0012617827036592645
C[T>C]A	0.0011771471392487917	0.0019789123078226114	0.0019944083773970724	0.00513165972661227	0.0027425865177065135	0.01305684712715447	0.008771914217882832	0.018908033450134098	0.007382332070847171
C[T>C]C	0.0025601188535802066	0.0010486943516298196	0.0012447245826479048	0.005454922653734684	0.0026986803277395666	0.005925603541254531	0.011383718973957003	0.007527737121881728	0.0054582279262831435
C[T>C]G	0.00217465094756335	0.0016467217362476736	0.002705346976290457	0.010986542276805279	0.0033354452694766223	0.021623717481270434	0.01557091167778708	0.024834423186257483	0.00862160671968013
C[T>C]T	0.0011320345452986657	0.00105005958951293	0.0032282014770316893	0.004750116763170808	0.0034019097569398583	0.013877487741410732	0.01551538184285164	0.020652467105537652	0.006398813051782781
C[T>G]A	9.200151307595661e-05	9.35942054638872e-05	0.00035734576813410967	0.0022125453752190128	0.00016395805141655728	0.0021848985576070844	0.003245416283607483	0.0037334416061639785	0.00047035730312927626
C[T>G]C	0.0006433618582377676	0.00020489297749008982	0.0008785612735433292	0.004209853653446771	0.0003016030763319577	0.0031962336564902217	0.003952892706729471	0.0068895267089828845	0.0008225743193179369
C[T>G]G	0.00017996454917010852	0.0002219161950175222	0.0012129196693422273	0.005318626132793725	0.0006678916543023661	0.0036860125721432267	0.006630247901193797	0.008267681836150587	0.003709557247865103
C[T>G]T	0.0008357507205801085	0.000392117692354077	0.0016122341725690048	0.0028956464258954287	0.0019175694324076176	0.007347598997876048	0.005357013561297208	0.0070362570229917775	0.0017624478023208212
G[C>A]A	0.0015852794866077617	0.0009182366455206658	0.0030492772348225117	0.0035806266590952874	0.0026833073585294186	0.004387602873612196	0.012290098611265421	0.00800364242104479	0.006609170016599819
G[C>A]C	0.00204727477976121	0.0007474203070160001	0.0018876446294598282	0.0036571025938202744	0.0012478743490646593	0.006534570246003568	0.004342706073985259	0.005438514007255435	0.0017687831880721205
G[C>A]G	0.0006184998055687174	0.0002270550041462692	0.0002504781041352544	0.0013173334667967748	0.0006435565131448051	0.0029302099195774645	0.0020195162331219764	0.001522656698944047	0.0004848499724175781
G[C>A]T	0.0014188185523380525	0.0005586469080299139	0.0007890594235504978	0.003109833501002868	0.001359918448724784	0.005103663209592923	0.010553819881344077	0.007450084085576236	0.0020908189049805514
G[C>G]A	0.0009505057534227035	0.0005871580859093228	0.000667788993450885	0.0033499429788207634	0.0012397582320772926	0.003458643495105207	0.00263178467284888	0.007106933975592256	0.001932984653103631
G[C>G]C	0.000990881280777789	0.0009064696947461926	0.00019460775951990052	0.0019077501754509285	0.002130224308348261	0.0037692090030759574	0.003960311179980636	0.005361458290826704	0.0031514282658463345
G[C>G]G	0.0003353226555361744	4.76138749945676e-05	0.00035534922790247947	0.0005638844409986632	0.0002903251316810298	0.0019614974553405773	0.0006087501227739267	0.001243289759920998	0.00019817838619928807
G[C>G]T	0.001321643072878942	0.0003518519415592891	0.0006558379893249367	0.005124609777703881	0.001753731252392754	0.004842266492778436	0.005335188936442137	0.006708964356221259	0.002755170670570806
G[C>T]A	0.004579845967236906	0.0015178435460256878	0.004075552010908723	0.008279262646101414	0.005536404647864401	0.011064728244673461	0.018885934446007013	0.01981708132661879	0.005273233832684558
G[C>T]C	0.002432456734823063	0.002326748913037591	0.004228072462137788	0.008819418761418917	0.00364478720293846	0.01603966753464192	0.0176974305533804	0.031989406980574134	0.010013019060716033
G[C>T]G	0.011826833276245452	0.044895956851542	0.1923833817243576	0.13622183129191398	0.10954553931951523	0.024018423614325	0.05987534592769635	0.012183785439358986	0.0798542246222496
G[C>T]T	0.0035140007035806774	0.000765248942548169	0.003656333079561591	0.009889649017713964	0.0044329075142741205	0.018199831899255513	0.01334160566329956	0.012434889026939499	0.007940309206605888
G[T>A]A	2.858675289963869e-05	0.0001404734739480773	0.0016024507756810635	0.0026316705567296594	0.0001131559603891219	0.002316694162436761	0.003205376985715702	0.005221285577863455	0.0015674918293370865
G[T>A]C	0.0010286462056683376	0.0007693740728427656	0.00045565873151645067	0.0013611538446639316	0.0011112779669929297	0.0017609542861464433	0.0007437695424087384	0.002852352277841419	0.0003409526601899415
G[T>A]G	0.0012175090319942682	0.0007197376777185127	0.0005017357121687383	0.0015499757122597658	0.0005782817521196449	0.002068635988689493	0.0046058593201451	0.0035578226495999845	0.0019700879354786595
G[T>A]T	0.000784219400901165	0.0001874838089861442	0.000758333178271986	0.0013060591416433453	0.0005965243763057515	0.0007968605612404644	0.0025515079342384073	0.0027173409558599814	0.002690300834365189
G[T>C]A	0.002871384867466986	0.0018427337432513013	0.0014764219464268535	0.008680843189358712	0.003472435986623168	0.012141180038452149	0.011811383953318	0.0140435065030033	0.004849715495947748
G[T>C]C	0.0018425330345053226	0.0012758471395785786	0.0011181699752341955	0.002372862829361111	0.002961145795416087	0.004779296019114554	0.005098700685566937	0.00819329641526565	0.003314703662181273
G[T>C]G	0.004267527908086777	0.0027072337223216893	0.0020369940262753516	0.00805698458570987	0.005185121530666947	0.011207602871581911	0.009358971621259116	0.01496346779167652	0.003791791823459789
G[T>C]T	0.0027438690769486128	0.0016284858561162769	0.001752676896285266	0.006548102339729666	0.002590184932341799	0.011832971358671786	0.014107515860814601	0.011046756531419533	0.005301979815703817
G[T>G]A	0.0006892484059790149	5.043323399149813e-05	0.0008938186729210429	0.0004064988548931123	0.0007421582500683144	0.000770078512141481	0.0027948527946137177	0.001164274662733078	0.0006524519903905457
G[T>G]C	0.0002054396862149588	0.0001575850688823266	0.0009758424246683716	0.0011330589302815496	0.00011150461359648034	0.001041333156172186	0.0005721816793084145	0.001154415076598525	0.000431108170596417
G[T>G]G	0.00027327713687635443	0.0004616351900040172	0.0012178836681414396	0.0043525510511244645	0.0007830848946468905	0.0034143617997017483	0.006378321297233924	0.006231204117648303	0.002592476090649143
G[T>G]T	0.00032631912363306184	0.0002254224062198773	0.0002563401510315089	0.001221939316019416	0.0005818735087814275	0.002325547711871048	0.0028365450561977923	0.003465865470934659	0.0006759177704225294
T[C>A]A	0.0006082652005716228	0.0851507842540741	0.0015991878986826764	0.005432692356407642	0.029252171888947485	0.003758194157853753	0.0022803694072735642	0.0046367238275707694	0.0436673451317046
T[C>A]C	0.003217478084843606	0.0014694333833176643	0.0003589614342249272	0.002900038436994723	0.013889501523226499	0.0047537208418361844	0.007323440723123126	0.004983768716921707	0.003115225210785866
T[C>A]G	0.0008471016044495627	0.00044123908737674354	0.0004191256380181585	0.00023413524631905603	0.0005446326686069369	0.0020155297010205687	0.001987563259899616	0.0017020995940683291	0.000994900612568017
T[C>A]T	0.0002958002791981016	0.6147930204868317	1.161691932737289e-05	0.0015370710345394033	0.0004918013534694029	0.0012012482286631082	0.0006623578946109571	0.0010739207809424536	0.28678547027520834
T[C>G]A	0.0005177036576052903	0.0003400999234145274	6.674760723814898e-05	0.0010561224925879741	0.1326257936656475	0.0009861283731879668	0.0010709009278798477	0.0010057194223858444	0.00028575173680505105
T[C>G]C	0.0006090946149925003	0.000364771715067036	0.0032428231555968524	0.004225401952862741	0.025898732990026475	0.006231235747691244	0.004952711489750072	0.005644235656666519	0.001666840317201559
T[C>G]G	0.000264781282749027	0.00013880597944080365	0.00018999471285496838	0.0016687116920365952	0.0002465305088529839	0.0017704367681290023	0.0025074254401260985	0.0026674561799854904	6.562456019310048e-05
T[C>G]T	0.0006289369252044724	9.949977552992096e-09	0.001173973019488041	0.002239812458103973	0.15556463450193406	0.005836535903472395	0.0036599762679543346	0.004272834203953662	0.004820958682504867
T[C>T]A	0.44275879859924316	1.0432264045430903e-32	4.4015407418199034e-08	7.494583399734618e-10	0.002186134352814861	0.12250998932868243	0.0008640821983143105	0.00046620208595747804	3.42017953296166e-06
T[C>T]C	0.08334257900714874	0.0018472923846438506	0.002905563454155491	0.009558282003083271	0.004442766937427863	0.037180665053645215	0.01471244832780485	0.023753196792677046	0.006482231858535669
T[C>T]G	0.04108035266399383	0.019932854393725653	0.1074528343975544	0.07627452909946442	0.056412499770522116	0.02275654401164503	0.035187236100707446	0.015194952990933933	0.037726727839179595
T[C>T]T	0.24164811372756959	0.01945605771616101	0.0024537847843021155	0.006356240844877436	0.0002656731497882028	0.0824896939098835	0.0033497245067922914	0.027415733970702065	0.016019181068986654
T[T>A]A	0.0008164971716861185	0.0002626224159030244	0.0016249408654402941	0.0016923430288443343	0.0011407860409235581	0.005286263978632633	0.006635118774553916	0.007824161574624549	0.0029263453150633724
T[T>A]C	0.001147654811211396	0.0005724247479520272	0.0007846808405332342	0.0010487820955631833	0.0008082547181402333	0.003847246299847029	0.00538396923802793	0.003174060641322285	0.0003599859308451414
T[T>A]G	0.0006237283359845305	0.0003718603577056001	0.0006693949413602241	0.0024761426262557506	0.00037050780665595087	0.006830050842851354	0.0021346915513277055	0.006909576065668339	0.0016743928921641783
T[T>A]T	0.0011971690052632767	0.0013315760879777372	0.0015700322997872717	0.0033566530793905256	0.00045923007201087614	0.006660455209203065	0.009199915546923875	0.007965866033919156	0.004551219349377788
T[T>C]A	0.004710925836116075	0.0027330164797604085	0.003371476975735277	0.009890904370695352	0.004391678364481777	0.01835967036895454	0.009199105901643634	0.01483754184401107	0.003908752393908799
T[T>C]C	0.003522808151319623	0.0008896108076442033	0.002441603282932192	0.002856614375366462	0.0031234598718583584	0.004452463357420037	0.005599970338516868	0.00923586062854156	0.00385352985767895
T[T>C]G	0.0021529276020487488	0.001699760523661098	0.0009447475040881198	0.005984178790845623	0.002393082843627781	0.01173622680362314	0.008049497103748504	0.017680068127810956	0.005484682781388983
T[T>C]T	0.00253216972341761	0.001308960774622392	0.003248564570765211	0.008861220796825364	0.0034065894738887436	0.014292220119386911	0.019878955581225453	0.019011308206245303	0.0064519154984736815
T[T>G]A	0.0009376059693749994	0.0007472047778719571	0.0011303608975140379	0.0030545760848326607	0.0011105945084249704	0.0038133701542392372	0.004009501135442598	0.004142737528309226	0.001873102418903727
T[T>G]C	0.0017896028701215982	0.0007133751350920647	0.0010461280573508835	0.0029919155815150587	0.00264231082983315	0.004696908380120579	0.004743189516011626	0.005532466969452798	0.002348826316301711
T[T>G]G	0.001736136432737112	0.00104441306903027	0.0005468299234053247	0.004537995788268745	0.0011781126784171647	0.005736854336282704	0.006267660530284047	0.005064375824622403	0.0023684318097158654
T[T>G]T	0.002679912524763495	0.0013579231250332668	0.0030790451623033733	0.004628594608220737	0.004015092412009836	0.006967655755579472	0.010396465775556862	0.015087309293448925	0.006320398085517809
