MutationType	SBS96A	SBS96B	SBS96C	SBS96D	SBS96E	SBS96F	SBS96G	SBS96H	SBS96I
A[C>A]A	2.89E-04	3.83E-04	2.64E-04	1.54E-03	3.85E-04	2.04E-03	1.28E-03	1.98E-03	1.62E-03
A[C>A]C	3.13E-04	2.54E-04	3.85E-04	1.00E-03	2.34E-04	1.95E-03	1.75E-03	9.42E-04	1.29E-03
A[C>A]G	8.59E-05	4.90E-05	1.64E-04	1.76E-04	1.16E-04	4.16E-04	4.08E-04	4.00E-04	4.40E-04
A[C>A]T	2.06E-04	3.36E-04	3.64E-04	7.81E-04	3.13E-04	1.13E-03	2.06E-03	1.02E-03	1.85E-03
A[C>G]A	2.69E-04	1.65E-04	5.92E-04	1.45E-03	2.24E-04	1.59E-03	1.45E-03	2.29E-03	2.28E-03
A[C>G]C	2.14E-04	1.88E-04	2.60E-04	9.80E-04	1.11E-04	1.27E-03	9.84E-04	2.15E-03	8.26E-04
A[C>G]G	1.09E-04	1.24E-04	8.23E-05	1.47E-04	1.27E-04	4.10E-04	4.26E-04	8.92E-04	8.11E-04
A[C>G]T	3.17E-04	4.82E-04	5.04E-04	1.21E-03	3.78E-04	2.05E-03	2.15E-03	1.59E-03	1.90E-03
A[C>T]A	1.05E-03	9.65E-04	1.00E-03	2.18E-03	1.16E-03	4.83E-03	3.83E-03	6.02E-03	2.92E-03
A[C>T]C	3.92E-04	4.73E-04	9.55E-04	3.12E-03	3.61E-04	2.73E-03	3.53E-03	3.19E-03	1.97E-03
A[C>T]G	4.12E-03	1.39E-02	6.03E-03	2.37E-02	6.35E-03	8.34E-03	2.35E-02	2.79E-03	2.10E-02
A[C>T]T	5.63E-04	4.47E-04	1.09E-03	1.64E-03	6.13E-04	2.89E-03	3.74E-03	4.27E-03	3.62E-03
A[T>A]A	2.35E-04	3.23E-04	2.75E-04	1.38E-03	1.75E-04	1.25E-03	1.68E-03	1.28E-03	7.99E-04
A[T>A]C	2.18E-04	2.40E-04	4.44E-04	1.26E-03	2.60E-04	2.04E-03	2.51E-03	1.72E-03	1.61E-03
A[T>A]G	2.55E-04	2.14E-04	3.72E-04	7.24E-04	2.44E-04	1.57E-03	1.80E-03	2.08E-03	1.74E-03
A[T>A]T	2.28E-04	2.79E-04	3.91E-04	1.48E-03	1.98E-04	1.34E-03	3.47E-03	2.09E-03	1.12E-03
A[T>C]A	5.53E-04	8.08E-04	1.13E-03	2.87E-03	6.83E-04	5.22E-03	4.52E-03	4.16E-03	5.10E-03
A[T>C]C	6.34E-04	6.07E-04	2.02E-04	1.49E-03	5.89E-04	1.97E-03	3.02E-03	2.42E-03	1.91E-03
A[T>C]G	9.02E-04	8.40E-04	1.61E-03	3.29E-03	5.78E-04	5.51E-03	5.33E-03	3.47E-03	4.46E-03
A[T>C]T	1.05E-03	1.34E-03	1.12E-03	3.23E-03	7.01E-04	5.63E-03	4.77E-03	3.73E-03	4.51E-03
A[T>G]A	1.90E-04	1.20E-04	1.67E-04	8.38E-04	2.45E-04	1.21E-03	8.56E-04	8.58E-04	6.17E-04
A[T>G]C	1.54E-04	3.16E-05	1.39E-04	3.42E-04	4.09E-05	1.07E-03	8.08E-04	6.27E-04	3.79E-04
A[T>G]G	2.02E-04	2.42E-04	5.28E-04	9.40E-04	3.31E-04	1.24E-03	1.69E-03	1.52E-03	1.52E-03
A[T>G]T	1.84E-04	9.23E-05	2.24E-04	8.06E-04	1.41E-04	4.26E-04	1.63E-03	1.28E-03	1.08E-03
C[C>A]A	2.93E-04	2.27E-04	2.63E-04	1.02E-03	3.04E-04	1.14E-03	1.45E-03	1.56E-03	1.71E-03
C[C>A]C	2.75E-04	1.55E-04	3.60E-04	1.03E-03	3.25E-04	1.46E-03	1.18E-03	6.69E-04	1.04E-03
C[C>A]G	2.03E-04	6.39E-05	2.52E-04	5.93E-04	9.32E-05	7.98E-04	9.12E-04	9.06E-04	8.15E-04
C[C>A]T	2.22E-04	2.99E-04	1.92E-04	9.52E-04	3.15E-04	1.59E-03	1.27E-03	1.79E-03	8.61E-04
C[C>G]A	3.71E-04	3.00E-04	3.93E-04	8.58E-04	2.49E-04	1.74E-03	2.02E-03	1.32E-03	6.96E-04
C[C>G]C	4.81E-04	3.12E-04	3.49E-04	1.40E-03	4.00E-04	2.13E-03	2.23E-03	1.76E-03	7.79E-04
C[C>G]G	7.83E-05	2.96E-05	1.73E-04	5.52E-04	5.71E-05	3.24E-04	8.61E-04	8.68E-04	4.52E-04
C[C>G]T	2.86E-04	2.15E-04	3.37E-04	7.77E-04	3.46E-04	1.26E-03	1.18E-03	1.19E-03	2.38E-03
C[C>T]A	4.65E-04	5.56E-04	6.54E-04	1.89E-03	4.01E-04	3.96E-03	2.05E-03	2.48E-03	3.72E-03
C[C>T]C	6.35E-04	6.92E-04	4.91E-04	1.84E-03	5.09E-04	2.65E-03	1.96E-03	2.58E-03	2.90E-03
C[C>T]G	2.91E-03	5.82E-03	3.25E-03	1.00E-02	4.15E-03	1.01E-02	1.60E-02	7.00E-03	8.20E-03
C[C>T]T	4.97E-04	2.01E-04	7.28E-04	2.68E-03	6.53E-04	3.07E-03	3.43E-03	2.82E-03	2.91E-03
C[T>A]A	1.15E-04	1.87E-04	4.95E-04	8.90E-04	2.27E-04	8.59E-04	1.40E-03	7.49E-04	9.56E-04
C[T>A]C	2.46E-04	1.25E-04	3.69E-04	8.16E-04	2.22E-04	7.63E-04	6.83E-04	1.26E-03	7.22E-04
C[T>A]G	2.68E-04	1.65E-04	2.41E-04	7.20E-04	2.15E-04	1.02E-03	1.51E-03	1.02E-03	7.40E-04
C[T>A]T	1.71E-04	6.42E-05	3.29E-04	4.26E-04	1.89E-04	7.50E-04	1.53E-03	9.97E-04	6.16E-04
C[T>C]A	5.12E-04	5.47E-04	6.54E-04	1.96E-03	3.92E-04	2.62E-03	2.31E-03	3.52E-03	3.38E-03
C[T>C]C	2.33E-04	3.47E-04	2.46E-04	1.14E-03	2.46E-04	1.25E-03	2.44E-03	2.41E-03	2.07E-03
C[T>C]G	3.34E-04	4.26E-04	8.79E-04	2.49E-03	3.84E-04	3.74E-03	2.75E-03	3.65E-03	3.21E-03
C[T>C]T	4.78E-04	3.52E-04	6.92E-04	1.76E-03	5.22E-04	3.12E-03	1.67E-03	2.06E-03	2.63E-03
C[T>G]A	4.69E-05	5.87E-05	1.64E-04	7.30E-04	1.03E-04	8.94E-04	6.04E-04	1.49E-03	3.73E-04
C[T>G]C	1.81E-04	7.23E-05	3.03E-04	1.09E-03	1.33E-04	9.26E-04	1.10E-03	1.02E-03	3.80E-04
C[T>G]G	8.65E-05	1.31E-04	2.85E-04	9.06E-04	2.52E-04	1.41E-03	1.80E-03	1.23E-03	1.52E-03
C[T>G]T	1.76E-04	1.53E-04	3.50E-04	7.00E-04	2.34E-04	2.49E-03	1.25E-03	1.86E-03	1.00E-03
G[C>A]A	2.76E-04	3.06E-04	3.52E-04	6.85E-04	3.25E-04	1.23E-03	2.18E-03	2.03E-03	2.84E-03
G[C>A]C	2.55E-04	2.40E-04	3.98E-04	1.06E-03	2.21E-04	1.81E-03	1.36E-03	1.02E-03	3.93E-04
G[C>A]G	1.45E-04	5.97E-05	1.09E-04	5.45E-04	9.63E-05	8.81E-04	7.68E-04	4.95E-04	2.17E-04
G[C>A]T	3.83E-04	1.98E-04	3.35E-04	1.52E-03	2.82E-04	7.46E-04	2.57E-03	2.15E-03	1.20E-03
G[C>G]A	2.40E-04	2.27E-04	2.66E-04	1.48E-03	1.96E-04	9.09E-04	1.10E-03	1.69E-03	8.02E-04
G[C>G]C	1.85E-04	2.51E-04	1.72E-04	7.81E-04	3.56E-04	9.83E-04	1.22E-03	1.27E-03	1.54E-03
G[C>G]G	1.19E-04	3.45E-05	1.22E-04	2.96E-04	7.16E-05	6.16E-04	3.24E-04	4.84E-04	8.98E-05
G[C>G]T	2.30E-04	1.54E-04	2.64E-04	1.13E-03	2.48E-04	1.34E-03	1.23E-03	1.26E-03	1.06E-03
G[C>T]A	6.75E-04	4.70E-04	8.61E-04	1.43E-03	4.18E-04	2.88E-03	3.47E-03	2.63E-03	2.06E-03
G[C>T]C	4.31E-04	4.82E-04	7.79E-04	2.42E-03	6.79E-04	3.29E-03	3.19E-03	3.69E-03	3.48E-03
G[C>T]G	2.77E-03	7.80E-03	5.18E-03	1.02E-02	3.25E-03	6.30E-03	1.35E-02	2.98E-03	8.31E-03
G[C>T]T	5.77E-04	2.03E-04	4.69E-04	1.91E-03	4.75E-04	3.24E-03	2.65E-03	2.59E-03	2.99E-03
G[T>A]A	1.91E-05	8.34E-05	2.79E-04	5.16E-04	5.56E-05	1.04E-03	8.42E-04	1.20E-03	6.21E-04
G[T>A]C	1.30E-04	1.17E-04	2.05E-04	5.27E-04	1.50E-04	5.56E-04	3.74E-04	7.19E-04	1.14E-04
G[T>A]G	1.79E-04	1.87E-04	1.57E-04	7.21E-04	1.85E-04	7.90E-04	8.41E-04	1.49E-03	8.56E-04
G[T>A]T	1.52E-04	8.83E-05	2.35E-04	3.76E-04	1.77E-04	3.34E-04	9.70E-04	1.07E-03	1.21E-03
G[T>C]A	4.10E-04	4.47E-04	4.76E-04	1.70E-03	4.39E-04	2.31E-03	2.85E-03	2.74E-03	1.69E-03
G[T>C]C	2.67E-04	3.20E-04	3.64E-04	5.97E-04	3.13E-04	8.66E-04	2.00E-03	1.99E-03	1.34E-03
G[T>C]G	2.87E-04	3.87E-04	3.69E-04	2.22E-03	3.96E-04	1.92E-03	2.35E-03	1.71E-03	1.32E-03
G[T>C]T	2.63E-04	5.52E-04	5.63E-04	1.59E-03	3.58E-04	2.88E-03	2.93E-03	2.11E-03	1.69E-03
G[T>G]A	1.00E-04	3.09E-05	1.56E-04	2.32E-04	1.33E-04	2.83E-04	8.35E-04	4.88E-04	2.36E-04
G[T>G]C	8.59E-05	5.97E-05	1.63E-04	3.58E-04	4.27E-05	4.08E-04	2.66E-04	4.06E-04	2.58E-04
G[T>G]G	1.08E-04	1.99E-04	3.04E-04	1.10E-03	1.25E-04	1.13E-03	1.55E-03	1.31E-03	1.02E-03
G[T>G]T	1.62E-04	1.12E-04	1.28E-04	5.76E-04	1.73E-04	7.31E-04	4.51E-04	7.51E-04	3.48E-04
T[C>A]A	3.10E-04	2.44E-03	3.65E-04	1.76E-03	8.08E-04	1.69E-03	1.39E-03	1.48E-03	9.96E-03
T[C>A]C	3.29E-04	2.57E-04	2.30E-04	8.79E-04	5.66E-04	1.21E-03	1.81E-03	1.51E-03	1.19E-03
T[C>A]G	9.76E-05	7.09E-05	2.32E-04	1.20E-04	8.00E-05	4.83E-04	3.81E-04	4.68E-04	3.72E-04
T[C>A]T	2.18E-04	1.68E-02	1.16E-05	9.61E-04	4.92E-04	1.14E-03	6.51E-04	1.07E-03	7.63E-02
T[C>G]A	2.78E-04	1.45E-04	6.67E-05	6.25E-04	3.18E-03	5.01E-04	6.99E-04	8.06E-04	1.79E-04
T[C>G]C	2.00E-04	1.39E-04	6.13E-04	9.96E-04	4.02E-04	2.14E-03	2.00E-03	2.21E-03	8.18E-04
T[C>G]G	8.89E-05	4.93E-05	9.99E-05	6.65E-04	9.95E-05	8.94E-04	1.16E-03	8.05E-04	4.25E-05
T[C>G]T	2.96E-04	8.98E-09	3.95E-04	1.23E-03	3.43E-03	2.63E-03	1.60E-03	1.49E-03	2.83E-03
T[C>T]A	1.07E-02	1.04E-32	4.40E-08	5.78E-10	8.46E-04	4.36E-02	7.84E-04	4.34E-04	3.42E-06
T[C>T]C	3.95E-03	4.50E-04	9.07E-04	2.97E-03	8.43E-04	9.31E-03	3.16E-03	5.66E-03	2.88E-03
T[C>T]G	1.70E-03	4.80E-03	2.12E-03	7.30E-03	2.95E-03	6.13E-03	9.51E-03	6.02E-03	8.06E-03
T[C>T]T	5.31E-03	8.61E-04	7.21E-04	2.07E-03	1.95E-04	2.30E-02	2.56E-03	5.05E-03	9.95E-04
T[T>A]A	2.64E-04	1.29E-04	3.51E-04	7.61E-04	2.72E-04	1.73E-03	1.98E-03	2.53E-03	1.44E-03
T[T>A]C	3.11E-04	1.61E-04	2.52E-04	5.02E-04	1.37E-04	1.33E-03	1.48E-03	9.84E-04	2.01E-04
T[T>A]G	2.53E-04	1.22E-04	1.53E-04	1.01E-03	1.14E-04	1.91E-03	1.00E-03	1.87E-03	9.49E-04
T[T>A]T	3.00E-04	2.31E-04	4.63E-04	5.25E-04	1.94E-04	1.61E-03	1.91E-03	1.66E-03	1.76E-03
T[T>C]A	3.72E-04	4.93E-04	6.81E-04	1.91E-03	4.86E-04	3.83E-03	2.58E-03	3.18E-03	1.52E-03
T[T>C]C	2.67E-04	1.32E-04	3.58E-04	9.90E-04	3.55E-04	1.00E-03	1.65E-03	1.36E-03	1.24E-03
T[T>C]G	3.65E-04	5.58E-04	6.12E-04	1.26E-03	4.11E-04	2.47E-03	2.16E-03	1.94E-03	2.36E-03
T[T>C]T	3.53E-04	5.31E-04	6.92E-04	2.02E-03	3.78E-04	2.48E-03	2.75E-03	3.14E-03	2.63E-03
T[T>G]A	2.24E-04	2.86E-04	1.87E-04	6.75E-04	2.33E-04	9.54E-04	1.23E-03	9.78E-04	8.93E-04
T[T>G]C	2.63E-04	1.62E-04	4.20E-04	9.58E-04	1.98E-04	9.53E-04	1.90E-03	9.85E-04	7.09E-04
T[T>G]G	2.47E-04	3.39E-04	1.86E-04	1.01E-03	2.79E-04	1.25E-03	1.56E-03	1.54E-03	8.76E-04
T[T>G]T	2.30E-04	4.58E-04	7.11E-04	1.49E-03	4.55E-04	1.87E-03	2.43E-03	2.27E-03	2.45E-03
