Samples	SBS96A	SBS96B	SBS96C	SBS96D	SBS96E
G1_1	7.10E+00	6.63E+00	6.38E+01	5.49E+01	6.20E+01
G1_2	6.01E+00	5.75E+00	5.98E+01	3.53E+01	6.07E+01
G1_3	3.17E+00	4.53E+00	4.99E+01	4.70E+01	3.78E+01
G1_4	3.15E+00	3.56E+00	4.81E+01	3.11E+01	4.86E+01
G1_5	6.35E+00	6.75E+00	8.98E+01	6.75E+01	9.69E+01
G1_6	2.67E+00	3.87E+00	3.78E+01	3.20E+01	4.44E+01
G1_7	9.90E+00	7.28E+00	1.19E+02	1.36E+02	5.65E+01
G1_8	6.47E+00	7.46E+00	7.64E+01	2.37E+01	7.05E+01
G1_9	2.71E+00	2.49E+00	2.31E+01	1.30E+01	2.75E+01
G1_10	3.15E+00	3.02E+00	2.53E+01	1.71E+01	2.55E+01
G1_11	2.36E+00	3.16E+00	2.39E+01	2.02E+01	2.75E+01
G1_12	6.05E+00	6.97E+00	8.94E+01	5.27E+01	9.37E+01
G1_13	3.43E+00	3.69E+00	3.60E+01	2.70E+00	3.79E+01
G1_14	3.40E+00	3.16E+00	3.09E+01	1.93E+01	3.54E+01
G1_15	7.74E+00	6.85E+00	1.15E+02	6.18E+01	1.00E+02
G1_16	2.81E+00	3.97E+00	3.67E+01	2.03E+01	3.87E+01
G1_17	3.86E+00	5.97E+00	1.12E+02	1.18E+02	3.44E+01
G1_18	3.74E+00	3.34E+00	5.57E+01	5.49E+01	2.74E+01
G1_19	3.32E+00	3.70E+00	5.86E+01	5.72E+01	3.00E+01
G1_20	2.49E+00	2.21E+00	2.83E+01	2.01E+01	2.85E+01
G1_21	3.07E+00	3.32E+00	3.65E+01	2.89E+01	3.33E+01
G1_22	3.30E+00	3.69E+00	4.47E+01	4.58E+01	2.76E+01
G1_23	4.83E+00	9.58E+00	9.63E+01	5.42E+01	9.31E+01
G2_1	7.38E+00	2.37E+00	1.74E+01	1.92E+01	3.70E+00
G2_2	5.56E+01	4.65E+00	4.16E+01	5.06E+01	1.32E+01
G2_3	5.92E+01	2.93E+00	3.51E+01	5.00E+01	8.58E+00
G2_4	6.46E+01	4.05E+00	3.54E+01	6.08E+01	1.23E+01
G2_5	2.78E+01	1.28E+00	2.14E+01	1.88E+01	7.36E+00
G2_6	2.74E+01	2.02E+00	1.09E+01	2.59E+01	3.77E+00
G2_7	5.22E+01	4.47E+00	3.02E+01	5.11E+01	7.42E+00
G2_8	3.11E+01	2.13E+00	2.55E+01	4.00E+01	7.55E+00
G2_9	7.14E+01	4.73E+00	4.82E+01	6.82E+01	5.88E+00
G2_10	5.84E+01	1.99E+00	2.43E+01	5.62E+01	1.07E+01
G2_11	4.83E+01	5.24E+00	9.05E+01	1.08E+02	1.02E+01
G2_12	1.60E+01	1.23E+00	1.23E+01	1.48E+01	4.10E+00
G2_13	2.87E+01	1.74E+00	1.23E+01	2.07E+01	4.07E+00
G2_14	2.90E+01	2.47E+00	3.74E+01	4.12E+01	2.45E+00
G2_15	3.48E+01	2.05E+00	2.56E+01	2.60E+01	3.92E+00
G2_16	3.09E+01	3.48E+00	1.92E+01	2.62E+01	1.02E+01
G2_17	3.96E+01	2.47E+00	3.38E+01	2.61E+01	5.13E+00
G2_18	5.62E+01	2.10E+00	3.24E+01	4.36E+01	4.69E+00
G2_19	2.58E+01	2.25E+00	2.35E+01	2.07E+01	6.14E+00
G2_20	5.24E+01	2.91E+00	1.49E+01	4.57E+01	1.25E+01
G2_21	5.67E+01	3.37E+00	5.81E+01	6.59E+01	7.23E+00
G2_22	1.03E+01	1.13E+00	4.88E+00	8.82E+00	2.94E+00
G2_23	2.71E+01	1.09E+00	2.15E+01	1.92E+01	6.84E+00
G2_24	2.40E+01	9.29E-01	1.52E+01	1.76E+01	5.40E+00
G2_25	4.08E+01	2.66E+00	1.39E+01	3.89E+01	3.88E+00
G2_26	2.65E+01	1.29E+00	1.75E+01	2.19E+01	3.68E+00
G2_27	4.39E+01	3.21E+00	3.24E+01	4.50E+01	8.68E+00
G2_28	5.97E+01	3.47E+00	3.60E+01	5.12E+01	1.11E+01
G2_29	6.86E+01	1.99E+00	3.93E+01	6.06E+01	1.35E+01
G2_30	7.06E+01	2.94E+00	2.97E+01	6.04E+01	7.06E+00
G2_31	7.72E+00	6.18E-01	8.85E+00	9.92E+00	2.72E+00
G2_32	4.47E+01	2.73E+00	1.83E+01	3.00E+01	8.53E+00
G2_33	3.29E+01	1.69E+00	1.60E+01	3.51E+01	5.14E+00
G2_34	1.82E+01	2.71E+00	1.98E+01	2.17E+01	8.03E-01
G2_35	3.64E+01	2.60E+00	2.31E+01	3.01E+01	9.57E+00
G2_36	2.45E+01	2.01E+00	1.66E+01	1.76E+01	6.23E+00
G2_37	2.61E+01	1.64E+00	2.42E+01	2.95E+01	8.35E+00
G2_38	3.47E+01	1.95E+00	2.38E+01	3.15E+01	6.06E+00
G2_39	4.39E+01	3.14E+00	3.16E+01	4.15E+01	1.12E+01
G2_40	1.46E+01	1.22E+00	1.13E+01	1.04E+01	3.33E+00
G2_41	2.21E+01	1.63E+00	1.73E+01	2.56E+01	7.91E+00
G2_42	4.70E+01	2.62E+00	3.46E+01	4.45E+01	4.98E+00
G2_43	2.71E+01	1.93E+00	9.60E+00	2.37E+01	5.95E+00
G2_44	4.16E+01	1.81E+00	3.12E+01	4.00E+01	9.50E+00
G2_45	5.83E+01	2.40E+00	2.37E+01	4.16E+01	9.96E+00
G2_46	1.88E+01	1.96E+00	1.14E+01	2.02E+01	3.56E+00
G2_47	1.47E+01	1.08E+00	1.31E+01	1.04E+01	5.90E+00
G2_48	4.29E+01	2.24E+00	4.42E+01	6.52E+01	6.56E+00
G2_49	2.99E+01	3.22E+00	1.70E+01	3.04E+01	7.97E+00
G2_50	7.12E+01	3.60E+00	3.55E+01	5.54E+01	6.71E+00
G2_51	3.80E+01	1.53E+00	1.91E+01	2.92E+01	5.79E+00
G2_52	3.20E+01	2.16E+00	1.99E+01	3.37E+01	8.89E+00
G2_53	1.93E+01	2.30E+00	1.40E+01	2.15E+01	4.36E+00
G2_54	5.85E+01	2.13E+00	2.39E+01	4.65E+01	9.34E+00
G2_55	3.22E+01	3.22E+00	2.24E+01	4.07E+01	6.38E+00
G2_56	5.12E+01	6.51E+00	6.30E+01	7.36E+01	9.39E+00
G2_57	3.76E+01	2.34E+00	1.76E+01	2.95E+01	8.01E+00
G2_58	4.58E+01	5.42E+00	0.00E+00	3.61E+01	1.04E+01
G2_59	1.61E+01	2.03E+00	1.28E+01	1.43E+01	4.00E+00
G2_60	4.22E+01	3.34E+00	2.30E+01	3.94E+01	7.78E+00
G2_61	7.02E+01	2.31E+00	3.09E+01	5.75E+01	6.57E+00
G2_62	9.54E+00	8.44E-01	8.59E+00	1.13E+01	3.52E+00
G2_63	2.23E+01	2.21E+00	1.42E+01	1.69E+01	4.94E+00
G2_64	5.94E+01	3.74E+00	2.66E+01	4.40E+01	8.51E+00
G2_65	2.51E+01	1.63E+00	1.35E+01	1.79E+01	4.31E+00
G2_66	9.33E+01	3.80E+00	7.43E+01	8.04E+01	8.30E+00
G2_67	3.04E+01	3.65E+00	4.83E+01	5.59E+01	9.45E+00
G2_68	4.10E+01	2.94E+00	2.15E+01	3.43E+01	1.10E+01
G2_69	2.17E+01	3.16E+00	1.80E+01	2.16E+01	4.11E+00
G2_70	4.48E+01	2.95E+00	2.43E+01	3.47E+01	8.63E+00
G2_71	2.65E+01	1.85E+00	1.89E+01	2.84E+01	6.05E+00
G2_72	3.09E+01	2.62E+00	2.87E+01	3.30E+01	7.25E+00
G2_73	3.63E+01	2.68E+00	2.60E+01	2.95E+01	7.89E+00
G3_1	2.39E+00	2.57E+01	2.05E+01	1.89E+01	3.77E+00
G3_2	5.54E+00	6.84E+01	6.14E+01	2.82E+01	5.05E+00
G3_3	1.46E+00	1.28E+01	6.84E+00	1.21E+01	1.87E+00
G3_4	8.02E+00	5.83E+01	4.15E+01	5.09E+01	8.13E+00
G3_5	1.58E+00	2.81E+01	1.59E+01	2.26E+01	6.67E+00
G3_6	2.04E+00	1.71E+01	1.02E+01	1.56E+01	4.26E+00
G3_7	1.80E+00	2.08E+01	1.94E+01	1.01E+01	5.17E+00
G3_8	3.64E+00	2.43E+01	2.36E+01	1.18E+01	5.51E+00
G3_9	5.35E+00	6.96E+01	4.66E+01	3.61E+01	7.37E+00
G3_10	2.61E+00	4.38E+01	3.66E+01	3.10E+01	3.58E+00
G3_11	5.60E+00	5.65E+01	3.25E+01	4.79E+01	6.53E+00
G3_12	3.31E+00	7.97E+01	8.52E+01	1.39E+01	5.48E+00
G3_13	6.04E+00	3.53E+01	2.59E+01	3.47E+01	4.41E+00
G3_14	2.28E+00	2.91E+01	2.11E+01	1.89E+01	3.09E+00
G3_15	2.38E+00	4.59E+01	4.15E+01	2.76E+01	9.17E+00
G3_16	1.71E+00	1.54E+01	1.25E+01	8.32E+00	2.35E+00
G3_17	2.31E+00	1.40E+01	1.93E+01	2.59E+01	5.52E+00
G3_18	2.02E+00	4.54E+01	4.50E+01	1.20E+01	6.25E+00
G3_19	3.11E+00	2.77E+01	1.79E+01	1.80E+01	4.64E+00
G3_20	5.01E+00	6.42E+01	6.04E+01	2.12E+01	6.32E+00
G3_21	2.80E+00	1.65E+01	1.12E+01	1.76E+01	2.06E+00
G3_22	3.42E+00	3.14E+01	3.38E+01	5.28E+01	6.26E+00
G3_23	3.13E+00	4.95E+01	3.73E+01	2.27E+01	4.62E+00
G3_24	2.72E+00	1.47E+01	1.38E+01	1.00E+01	6.03E+00
G3_25	3.95E+00	7.55E+01	8.10E+01	1.11E+01	6.40E+00
G3_26	0.00E+00	1.33E+01	7.30E+00	1.47E+01	2.40E+00
G3_27	3.10E+00	1.73E+01	1.34E+01	7.58E+00	4.77E+00
G3_28	3.89E+00	5.45E+01	6.48E+01	2.00E+01	3.16E+00
G3_29	1.94E+00	2.48E+01	2.41E+01	1.06E+01	6.27E+00
G3_30	4.83E+00	7.75E+01	8.35E+01	1.59E+01	4.89E+00
G3_31	4.22E+00	4.45E+01	4.34E+01	1.83E+01	4.77E+00
G3_32	2.48E+00	1.20E+01	9.66E+00	4.62E+00	6.00E-01
G3_33	2.31E+00	3.86E+01	3.91E+01	1.26E+01	5.52E+00
G3_34	5.10E+00	7.14E+01	7.84E+01	2.31E+01	8.48E+00
G3_35	2.67E+00	2.75E+01	2.35E+01	1.40E+01	5.00E+00
G3_36	1.27E+00	1.05E+01	7.59E+00	6.47E+00	1.49E+00
G3_37	2.06E+00	5.66E+01	3.38E+01	2.98E+01	5.27E+00
G3_38	4.17E+00	3.23E+01	2.03E+01	2.77E+01	2.74E+00
G3_39	2.60E+00	4.51E+01	4.75E+01	1.18E+01	8.73E+00
G3_40	4.30E+00	4.38E+01	3.19E+01	4.84E+01	6.61E+00
G3_41	7.21E+00	5.67E+01	3.24E+01	4.96E+01	7.44E+00
G3_42	1.38E+00	4.39E+01	4.78E+01	2.20E+00	3.93E+00
G3_43	3.57E+00	6.78E+01	5.54E+01	2.60E+01	9.68E+00
G3_44	2.72E+00	4.44E+01	4.82E+01	1.21E+01	4.39E+00
G3_45	1.08E+00	1.67E+01	8.28E+00	1.89E+01	3.08E+00
G3_46	3.93E+00	2.58E+01	1.25E+01	2.75E+01	4.72E+00
G3_47	1.76E+00	2.30E+01	2.28E+01	7.51E+00	3.11E+00
G3_48	1.56E+00	2.26E+01	3.28E+01	1.43E+01	4.06E+00
G3_49	2.98E+00	3.42E+01	2.88E+01	2.78E+01	8.71E+00
G3_50	2.68E+00	3.64E+01	2.58E+01	3.10E+01	5.30E+00
G3_51	5.57E+00	4.75E+01	3.56E+01	4.43E+01	5.82E+00
G3_52	3.10E+00	2.90E+01	2.25E+01	1.57E+01	3.07E+00
G3_53	1.90E+00	2.33E+01	2.37E+01	8.35E+00	3.72E+00
G3_54	2.20E+00	1.28E+01	1.45E+01	4.52E+00	3.69E+00
G3_55	5.31E+00	7.63E+01	6.99E+01	2.22E+01	6.51E+00
